100001794021366
100003232511519
100004890696023
100004094225141
100004020817233
100027749783709
100029643067528
100000142599184
1836488267
100029502103472
100001581662094
100002241785330
100029459866019
100029357092107
100029424469159
100001737112695
100001766015194
100011763919243
100000664581350
100013650817285
100005461878911
511985710
100009487685903
100003819169348
100004989315236
100008794456970
100008124101064
100000217897504
100028678757762
1586258774
100003722914318
100006124951511
100004259264194
100002224335132
100002118885238
100003847857164
100000232617424
100027009219978
100000284680286
100029271588206
100024905859881
100014874139183
100019180175866
100013511145469
100010047990702
100003669774076
100010303096149
100029320032710
100029291082259
100003665011499
100001354917452
100029358018119
100002351499167
100003276382776
100004202430641
100016716948399
100016202012197
100002970491286
100000084943300
100003242706550
100003650033124
100028647762831
1730348852
100001386173360
100003833951658
835895749
100024993554765
100002837068117
100022125430084
100017090861316
100002843128776
100024981573924
100012021751911
531084939
100029180475662
100028894663787
100028683648704
100028451932414
100024769402521
100019065401566
100018670261771
100011883611900
100011218688837
100010737937705
100007951870736
100003721175816
100001594208171
100001095732911
100000909878902
1544765672
100029351582629
100028925408321
100027591554076
100025416426629
100024211851966
100013455090039
100011172078122
100009864097103
100008188155248
100006465899664
100005016962517
1685299808
100015841920908
100009472388890
100001343925301
100022377695003
100001692856777
100015766505822
100029048619808
100012294437395
100011782266724
100027286659343
100004666892990
100005330206984
100013028412239
100027036945472
100004483545327
100026207961371
100027987576109
100025513816696
100022135032238
100006436136323
100005083511331
100004800158160
100003574316850
100003293954386
100001463101634
100022075344250
100008561550575
100008422818710
100008151963599
100008092653889
100008082547770
100006269616212
100005296295036
100004886289090
100004372950820
100003710994988
100003349675488
100002717153211
100001170658041
100000666847570
100000175832588
100026395089703
100022325142442
100008020022933
100007179721271
100004240058765
100029092395824
100029068359000
100028811480031
100028778990628
100026529252696
100025546931552
100022998332245
100018972616988
100016784355487
100013635751587
100010425280237
100010107576404
100006469735648
100006271156862
100004246727627
100003975360905
100003842402439
100003640649230
100003296098483
100002904411894
100028799240642
100001756895948
100029166189041
100010544731037
100010475497501
100009759641572
100009737746915
100008166992492
100003657259633
100002545168629
100028969960236
100027055642440
100026486749109
100023640634780
100015248117250
100011376000425
100009431049688
100007000629793
100004257367220
100003841161782
1385786960
727300339
100028801779682
100016257041606
100012922488830
100011001302854
100005050292790
1705920881
100029247065278
100028958970790
100027903436074
100010734961404
1234906434
100029306462476
100004279688665
100023907485988
710488801
100028995036013
1457956122
100009422560344
100027699942576
100028186995884
100003820232366
100000217091594
100028275121580
100029102762586
100027648653697
100003128822930
100003273432904
703532327
100028606480966
100001971677621
100026218263196
100000966488322
100010452107492
100013615541042
100017757795016
100011973720498
100024556343420
100015939765851
100027997907289
100000066792900
100000898500642
100028780582501
100028665801862
100025389123968
100015204378321
100007852985534
100006147401569
100003136082069
100001869505628
100001747322962
100001108590187
100000102096231
100018525097108
100012549635583
100009507828862
100007267980417
100028804861263
100027707735018
100026007788625
100023588030407
100017204648182
100015409512993
100013448354496
100010653882164
100006967183642
100004884041683
100000188977796
658005068
100026154393609
100021343873887
100006464460269
100003074317074
100000806354453
100028525699656
100027616762157
100012997366110
100008570868195
100000364188115
100028691087921
100016090260916
100010199503351
100006131040706
100003204810114
100002250025482
1262107734
759832852
100013956888125
100007926044976
100000282922675
100005021640018
100027049823548
100013373260058
100028421798978
100028194711095
100028040598374
100026489024907
100026175666148
100013104243190
100013058026499
100012358058047
100028492403266
100028111723425
100024147671925
100021763843348
100016616501307
100009958836023
100009517817089
100003056344958
100000214008735
100028575073424
100028162726643
100027704282605
100026298009824
100025777012516
100025328315674
100025313351672
100024546592223
100016277624172
100016111898393
100015813390805
100010606247734
100006818708496
100005514673944
100004241621287
100003524227996
100003230127084
100001450363034
100027806075215
100026366737378
100011539082107
100009443033734
100007199984079
100006427086737
100004069374162
100004027714713
100001894884259
100028247982280
100028197788000
100028149706916
100028106897600
100027952092248
100027892872466
100027589282052
100027566543661
100023829756257
100023484966841
100022768908747
100022689591379
100015919725013
100014059120396
100012056531665
100012048219918
100011669619982
100008962966459
100005804951527
100005143753429
100004201717983
100003856250971
100001401030827
100027556204783
100024597704792
100008187781303
100011395903168
100009874509109
100000438840484
100000361576234
100028824333408
100028516673748
100026172461970
100007128970687
100006845688895
100006298355754
100003998359157
100002939176528
100002291283704
554348314
100026637608980
100003814874686
100011980308844
100011556693721
100000321213775
100028735112353
100010774920300
100027274562627
100003671360510
100004878812161
100028369693717
100028316358059
100028488286657
100028674570122
100028538561451
100028735380103
100009848017813
100005055990124
100008417525457
100000274564330
100002319652043
100009371573831
100004075384464
100004179790907
100004790973223
100000854024141
100002926457785
100022074766163
100002977631472
100004103598402
100000169345616
100009140376232
100003717716449
100004069085881
100000294915797
100001848456377
1092483157
100011307977568
100003686760553
100003172677574
1384518140
100006458755561
100004774920973
100000184026141
100008721824583
100001645651509
100003688033253
100004317240197
100001797994399
1239922777
100004940766253
100003097059691
100003055561718
100003199816823
100014467786932
100006947778403
100001880950418
100028226580015
100004873629973
100000136754072
100002908343519
1077910013
100002678962257
100026275542115
100003280767660
100015401384437
100002499863218
100012950526568
100001729040962
1426090242
100000336242275
100002377132103
100028405508737
100009957310897
1333947738
100008478374029
100005306411687
100028494994825
100008978554366
100027610464077
100004922556147
100000181370379
100004194889450
100026850544349
100001775706641
100028215469633
100005625941472
100027892522066
100022509189524
100006552136529
100015560767418
100009616817363
100000219290806
100003566059067
100027778543378
100002324635433
100002757241511
100009079059117
100028098674611
100007012293418
100000268825791
100001384489654
100008384915070
100028124105612
100028216297847
100001522360638
100020018265938
100001984180150
100025558086804
100010234928065
100024054934184
100003873762063
100011498655017
100004389301103
100027923324602
100000181310406
100000344703453
100004875421943
100015038498220
100006741640198
100000202711925
100005289730898
100002908591903
1785761140
100001683561019
100024618036880
100015207224213
100003798441400
100005837471538
100023807554527
100007486544243
1510995216
100010214314587
1461889273
100004004716712
100026368457143
100000283056672
1788314697
100013212764137
100004797881480
100028197242135
100028057005154
1830344685
100007249174586
100028181463807
100024771284139
100015375195517
100006611648294
100000127345535
100027908023242
100027831405663
100011673883379
100027957968773
714088710
846510084
100028064589239
100028065310434
100000251927219
100016593932630
100005986565601
100013709627514
100026655010189
100027074087507
100004151492391
100026602692638
100024702142159
100006085561631
100026716663982
100013286104492
100000127009577
100017187183098
100017391465733
100000120177369
100003894242313
100016690722884
100004658653038
100002923494109
100027595042846
100028000931677
100028040799029
100028187250261
100012671740498
100027925395497
100028029429516
100017725264249
100005543535915
1773630235
100003088464367
731962292
100004641213601
100001051051569
100009205249261
100027287268630
100014151039925
100025711788108
100001797676794
100025958595016
100006537883834
100002904896586
100005578717983
100008235246964
100021647375428
100005485514627
100008661335159
100027869914032
100026501012787
100025482542826
100024904581197
100024733794167
100011134090894
100010514613086
100010481947651
100008485927480
100004043687862
100003944166696
100003486857744
100003400832596
100002371198958
100000250557489
100025833983061
100025088911433
100023049337915
100015782264422
100014992810978
100014903478672
100013169778698
100009527328949
100009207202994
100000255369730
100013825624820
100027931980103
100026987749179
100017856242049
100003472929272
100015150136040
100027371654653
100024092194802
100013340321609
100010509242858
100027558481747
100017296328415
100014324438839
100003819651393
100026172554211
100025213066897
100012440416495
100004502976643
100027631471388
100023434163641
100015935325412
100005146899822
100004242336588
100003889343930
100000075764322
1628462206
1275805966
100027934023571
100027371080661
100024717914969
100009911100228
100026552559145
100002510114194
100022907912311
100027748922115
100000538459276
100007821750052
100027569002529
100023602869837
100005961184632
100016253140169
100007936446552
100027489414350
5322137
1353150909
100027845343985
100027507696997
100013217653980
100004012700293
100027814598863
1245777949
1747193531
100003509314596
100015201647666
100013543743470
100003641755326
100015657187103
100000158070559
100024042202608
100003959170775
100027885871686
100000216036684
100004066037595
100000033418138
100027037987624
100011620812906
100025861158460
100001880464210
100006476157207
100027565335934
100004035985671
100006402998851
100015996433106
100015999162865
100002475663780
100001503637054
100003867644297
100003725304840
100000255317286
100010081715459
100008004521872
100027916710091
100001217806003
100009206443157
100024956852576
100004298462263
100005581243634
100001408995946
100027660526433
100009386558133
100026944787509
100005412335614
100027711150951
1846446756
100013204952549
100021671632893
100010751527365
100003194059370
100000031639966
100026409576059
100025774581301
100025479292200
100003556479838
100009324551614
100005061781092
100003501966076
100009982836606
100016942782203
100027513435752
100011470845187
100011167206994
100000637704862
100008245870710
100009736787505
100009242961474
100027449028076
100006987215560
100001370218233
100000276487104
1552492673
100006581592145
100027487990341
100027399943099
100006621480703
100013733040664
100004799221482
100016026196323
100008338094177
100004204219458
100004783951862
1395731914
100027488961823
100013580196358
100001682270832
100001242504041
100018295513466
100016853854220
100001271813393
100000384471922
100014528892758
100025764586030
100019639904924
100007865854259
100005994909169
100004699938341
100003796094149
100026727643695
100022143801588
100019090871595
100017249981700
100015826363128
100015244034657
100012094723020
100010218124350
100009611139957
100008711645677
100003610756481
100000111529689
100000106259556
1701801823
100024047913017
100016649411210
100009887147429
100003530118311
100027607392871
100027594545412
100027436156655
100027388132991
100027152364073
100026558267586
100026282378191
100025194154714
100022807642527
100016561567940
100016547619966
100011755698971
100010258688596
100005868011868
100005277451216
100004329199445
100003745761555
100002775646313
100000075087143
100000047643762
100000018859088
776945787
100027630633362
100027273465969
100027083595486
100025752212069
100014873806248
100013160642966
100011596751497
100009532819552
100009001560374
100006520116707
100005691966486
100005143242697
100004329400024
100004283926700
100003602191379
100003096846732
100001826371227
100001247474342
100000043209246
100023405585088
100023180672870
100021589361497
100005526944039
100004268468642
100003048005062
1812306316
1130299284
100016335971868
100010341309547
100004841208076
100007058386168
1786231978
100005203480263
100001293482721
100012284197857
100016284190191
100026494665959
536702975
100023568910311
100006506539668
100015432310423
100004486444955
100027376763687
100027439327121
100004168241089
100011728957638
100002823704718
100005751396618
674809282
100006366095585
100007975892243
100008270647005
1358395702
100023441223075
100000146828817
100009504214187
100009654992095
100000491280564
741527715
100005858472507
100001599934500
100026734350237
100017911002205
100003789470268
100000527950786
100005438298483
100027316763846
100027412278363
100000415796191
100023303628250
100025266014090
100009575118665
100003258494260
100010585095618
100005693162598
100027518792774
100003162304549
844034171
100027337351543
100027362594266
100004024481598
585613378
100001299560355
100006717101515
100003945672292
100010419155667
100001752895802
100021975711515
100004375899556
100003072821541
100009944320514
765474686
100012661891679
100003691196303
100000236341273
100000150547108
100000493430841
100027444488232
100026928700765
100025272338771
100025007783215
100004326811062
100003594308691
100027367394029
100026288412698
100025752223549
100021684030381
100016908554845
100016906574431
100013950068504
100013184434529
100027447366318
100020503245827
100011923092253
100010206940045
100009372975046
100009347015616
100006553383388
100005649065325
100003264733297
100002914960890
100002432480051
100017267733703
100006904744273
100005852167390
100005689779185
100004072681708
100027248267438
100027148284284
100025167483076
100018576193757
100010818043321
100008108235147
100004216602641
100001569043331
100000474672055
100023893541043
100022400194585
100009927036168
100003801280713
100003296334314
100000240154916
100000132127996
100027265043671
100024592418315
100022185242246
100021706215081
100015020375672
100012746116919
100011456164617
100010095012562
100027432764402
100027338842147
100022816275443
100008886768294
100004685138423
100004092652903
100003759072551
100002704824871
100026122694365
100016137794926
100015534666143
100007592778385
100004591114962
100000889890592
100027392958099
100027254602917
100027001902097
100026743452718
100024899776559
100022015359578
100021346337627
100014828982550
100014607138946
100014387988023
100013967371690
100011481001522
100006380195461
100004263550675
100003977681335
100001040997171
100026748338408
100015610989471
100008209295964
100007478287382
100004248518706
100004034919381
100001003350965
100027547442520
100027463115147
100027293782651
100022690064988
100014473599805
100011411462064
100005482352908
100023677011819
100027402341868
100003772715896
100027339253853
100001312066703
100015250186382
100022693042599
100006583512455
100027262220648
100000110979122
551260872
100027009733515
100000368333971
100003208538579
100027211372730
100013452762293
100001882012726
100009789255669
100001290840609
100003747393358
100010250766382
100026690975516
100007383189315
100001713594382
100011458958009
100001119772044
100006426774152
100004328681154
532234190
100006296508395
100003282410002
100003830153101
100004995062275
100002489380254
100000184141597
100008500784823
100006428476240
100003015403988
100022536224331
100027056320398
100001648255154
100006060641754
100005420467873
100015012615474
100004512844477
100002145696537
100027046612015
100005007215301
1582102957
100000102449285
100010148591267
100027135142115
100021349717831
100008069882690
100016829377996
100027325261531
100027120018902
100000169480155
100011471108880
100027067222251
100026936629704
100003515472350
100027096799248
100027315450863
100005534612959
100000216078319
100007817970557
100011534807291
100004130264468
100003794939188
100010875433879
100022744082545
100003248833320
100006780037242
100017311210080
100009462879857
100001876692265
100018093043088
100024725498359
100011201801415
100007151190984
100008332066813
1560724943
100011456837075
100007870875485
100006561636723
100002264867915
100014924850111
100023593176787
100009807518433
100007969756024
100004614151309
100003873168949
100001677038801
100026043847776
100021875989283
100005637811974
100005773621100
100004646629373
100025288463573
100024457367834
100011561164993
100011077893917
100010724792563
100008749110460
100007493678309
100004046541509
100003848338160
100002595074742
100000973786873
100000275674981
100002906310817
100004796324478
100006722888223
100027330965444
100000854484685
100023183324608
100001709311544
1202208877
100022133912694
100003924402025
100007874955591
100000031832886
100013986845531
100001074128154
100024726780280
100004404483757
100006492380757
100000185208991
100004259168796
100022706018934
100027318873345
100004352621512
100002893317631
100000174203620
100020893729894
100002791018658
100003088792081
100004173122258
100001152946824
100027053653518
100027018254342
100027001726550
100026977877600
100026456439193
100026063351192
100025567332625
100024801139404
100018675162034
100018384854509
100018103840975
100009005608983
100007462081601
100004954028634
100027068643035
100027032742025
100026379466618
100025157564920
100020736824752
100018257284706
100015529157217
100005224839407
100005050320658
100004987470869
100004906590073
100003180053089
100003115442185
100002906172868
100001108695381
100000202212773
100027147521912
100027082539968
100027073093782
100027045219675
100027007461772
100026988983194
100026955618237
100026779846346
100026543135957
100026514586332
100025892320866
100015852000211
100013980283892
100012991801375
100012807450473
100012438162171
100011513824243
100010664889014
100008177101601
100008147255363
100005722621201
100005157248062
100003926189134
100003613564631
100003023663328
100002961259884
100002354010800
100001533410191
1846722874
1776208250
1717399933
1474974525
100027076187140
100004408538849
100025277686873
100008231795918
100007545281164
100001155042846
100005414414020
100026952383792
100004734882543
100003066795486
1223738092
100003152914385
1812819893
1451637565
100004053527030
100027282961007
100004153020853
100000631150378
100004241381093
100026997465228
100006499574495
100000232589554
100022517779281
100025553223289
100024888496040
100018330581569
100004533033091
100000024220915
100011098151790
100021938509882
100001689545844
100003379689821
100006555848664
100005049482405
100013436411889
100006539971661
100011066506856
100000192295672
100004267357267
100010427055714
100001655401709
1483063863
100004672958997
100006663213123
100003256610573
100011182216963
100001844507634
100005972047321
100010087142817
100026740271523
100004369635548
100024048733953
100025066693764
100005060808256
100005066430800
1758087818
100008599391936
100006029587178
100014662336445
100019465535358
100005272359324
100010392558686
100004947164135
1807617267
100004843322732
100005333984180
100006773072662
100002956351690
100007221492585
100007645577602
100021272451612
100004849147661
100003194141263
100005258552218
100006966601863
100027119643580
100027074046586
100026872609968
100025353524778
100006651153505
100006643901406
100003232188259
100002719790815
100002370264788
100026212424751
100024485418974
100024652037764
100009544155769
100003125481647
100006239197206
100001728879985
100009522607816
100010892987625
100005532282355
100023040496810
100006775127431
100007033774766
100005865995166
100006019038863
100016011159381
100004429955713
100001052073092
100014367376690
100022351091029
100009998892511
100001719532374
100026281294747
100003790556459
100010184143622
100022373830042
100005679033115
100026376495949
100005677968787
100005555317498
100004957116524
100021984755395
100011657408923
100026603676050
100025892616080
100025876159504
100025303958625
100005107653789
1174113335
100026003166094
100008450743045
100003119790506
100021795067612
100003944682737
100027040746608
100006412518574
100005847420541
100014910901665
100004389273174
100001330225658
100001836577067
100007538861468
100015495396832
100006479917060
100004614518017
100015296358759
100013585505114
100025064960032
100006188207905
100012899408539
1253757976
100024395373963
1770713569
100009502647758
100009039009593
100003636798329
100004788493661
100005002113752
100006539160724
100006028476870
100007719463690
100006587850275
1843458763
100013988553258
100006679090330
100006802985138
100026730413135
100015966631249
100013536611575
100009559760550
100009248573406
100007229945701
586298559
100010697533652
100007474486842
100013454508944
100008184975902
100007709445334
100007399687055
100022037113299
100007484417612
100000750302788
100016816547679
100009423079332
100003954058815
100000917732355
100008327942789
100003486717623
100026889870427
100026736854721
100026646891366
100024287144893
100021727454829
100018402725535
100008660297400
100007813783248
100006722497087
100006057379101
100004025467343
100002939601557
100001779071168
100001071547769
100009481660209
100000749889003
100000269353072
1479447840
100012204195181
100003184197014
100025121010813
100017538134643
100013260128315
100001185958710
100003089297210
100016791737988
100013237514478
100023470303735
100004034067623
100005656271482
100009712096751
100017054918612
100024965613107
100013700681097
100002967031291
100023374671187
100026578823749
100000049487394
100014907810027
100005744855588
100016071402575
100000066616731
100000188846649
100026468016461
100025158109478
100002878981733
1821661384
100010441274903
100001894850821
728696070
100007897600346
100016304041146
100004004510986
100003943224622
100009380935656
100014177072722
100004651771752
1781504158
100025191317712
100026687285584
100026601224601
100026518493607
100010431162541
100009691361118
100005926476856
100005113930238
100003985039824
100003003982889
1367725464
100024114451556
100004760735884
100001216076350
100000006938724
604516431
100008053602002
1366968213
100025544180415
100004691521382
100009826159397
100003286813429
100005786501415
100005818985164
100003956410549
100019189832496
100015398855609
100006029861050
100025244712767
100025291508544
100004108963672
100001869559569
100025117899468
1033361042
100004738514110
100009063759643
100010613641212
100008732520967
100008990854047
100016303216467
579601047
100009752505499
100018360547039
100000112184187
100010271599207
100001456238947
100012867150005
100009570020326
100003174759446
100009927333727
100015091140879
100004039346094
100009712639186
100009725894292
100004423411901
100004068798686
100003140084855
100023419162643
100010244113071
100009698645219
100015249960961
100013818678715
100004708836135
100014700330810
100016205956793
100011334756009
100010538401944
100010331322875
100024512089229
100005880273179
100002585927431
100010536123577
100004205203389
100012109841215
100013817952304
100011783622999
100010976054631
100011875082209
100011089328807
100004989993379
100015067667430
100001149799228
100014411254543
100012433712631
100022032519587
100012200978775
100024824123790
100015053681354
100025702247214
100023234114474
100024513351599
100022537210697
1777257690
100008283005314
100016705632925
100004307167805
100000549053382
100000535987053
100004467995857
100004241857708
100000217816847
100010385288089
100001591352376
100025825178879
100004095156744
100022964232405
100025659947138
100025700843795
100023369460970
100026556782037
100026138030367
100021848540680
100025707150921
100024575721837
100026224746957
100014502668879
100004391676529
100001894066802
100024426489996
100009927160662
100000689748318
100006819733689
100002921841106
100001002804310
100008704691896
100007071436845
100003944785677
100002881751361
100000759195188
100026552555346
100001574960365
100002971077345
100001688691130
100026462704534
100023895766002
100016509042872
100003087717558
100026509381871
100026192562523
100026168471292
100026168114818
100026160254572
100026076165374
100025953784918
100025950704365
100025945416392
100025929579846
100025884966379
100025834044253
100025727512620
100025657683480
100025622740443
100025500157044
100025370954778
100025338637252
100025328704915
100025101247888
100024899413153
100024761077778
100022505540132
100022284170154
100022276593173
100021742372770
100020240466874
100017162255069
100015661421372
100015219936865
100014910346025
100014598792011
100014061098413
100013540750314
100013486512647
100012859999152
100012708392998
100012679083924
100012553093618
100011851384301
100011670784757
100010025502658
100009720313787
100009395177069
100009333134051
100009331124790
100009166407750
100009163131941
100008818892688
100008649849140
100008532464245
100008378836972
100008322007359
100007824249878
100007763042664
100007613626084
100007405661719
100007331719313
100006868897228
100006468430025
100006223563333
100006198961287
100006021120829
100005747835554
100005656713183
100005631822961
100005601188773
100005458365519
100005271634321
100005148963183
100004965965951
100004671068098
100004580498373
100004531322254
100004462744090
100004202017764
100004160106733
100004148023206
100004120364452
100004038530725
100003952577892
100003832768712
100003827091851
100003683024019
100003679076171
100003675305362
100003522374056
100003331685753
100003331663282
100003330991465
100003136230902
100003040131650
100002888038172
100002881590012
100002808979585
100002755160524
100002752719745
100002379837545
100002113162647
100001808045446
100001772978064
100001727251113
100001686128156
100001650976334
100001645905715
100001368834587
100001352935620
100001131741606
100000519088922
100000483882769
100000418284707
100000286554263
1713739063
1241346849
1067434098
1053583005
557719569
100025788321880
620231334
733686964
748468426
100026450919988
100007083781020
100014968606965
1706426419
100004271655479
100006614407352
100005579320987
100018006541544
100004643226048
100000637993231
100004285749630
100000026635942
100005468525647
100003050720351
100007692751555
100025559283223
100024846348800
100003871034682
100021873863259
100006607031873
100006104521754
100003876897861
100006489703670
100004868679264
100008278503837
100000238596819
100001177691051
100001857669840
100024578601276
100007722858269
618500486
100026013680242
100003566438005
100022625052757
100002846420488
100025131310395
100004674287301
100000278624158
100000486542065
100006465038784
100005991241151
100005323110182
100000734713475
100007273423468
100026054192867
1674166225
100010242272897
100007876809839
100007618026235
100004877922405
100004522894082
100000121665655
100003757360481
100003334431603
100015786219569
100025271520714
100004241207537
100003694688858
100002457120863
1558414157
100004660483781
100009955995893
100000503418032
100001755951921
100023753408536
100024444815105
1549141190
100022969613226
100025709468866
690679101
100000297979825
100006477030475
100016045387340
100001216972475
100007900205183
100003660007039
100010466462555
100025646165940
100007816398610
100005836654959
100004352499039
100000453501008
100002217486298
100015646902408
1486826689
100006125029074
1588096936
100003348453499
100003705922909
100012738907945
100007096301940
100001505657490
100006484489918
100008016521548
100005176262470
100002911935667
100003506502108
100006812291225
100013928892561
100009873996088
100008994166146
100018499232896
100016456152545
100015949716370
100012416738489
100012194119460
100010596783570
100010575545979
100009691788822
100007912656473
100007030546941
100005834170246
100002689557680
1785131400
1773360431
1008932314
100019333875183
100018299509075
100018107613477
100014540495734
100012468585963
100010765626657
100010374420492
100009807195429
100008198558074
100007562685000
100006406863372
100005376962951
100005131986393
100005046992540
100004963501235
100004917997964
100004158032803
100004102740305
100003180241353
100003031313478
100003020728620
100000103674419
100023896031417
100023546888850
100022512579622
100020614907404
100020605726036
100020471920228
100019953571655
100019507578120
100019316413312
100016860668659
100016157264878
100016076911968
100015921361739
100015260387398
100015182803631
100014607612792
100014570531719
100014555646123
100013374048293
100011301526029
100010065216262
100009825017958
100009459197442
100009384127162
100008736044485
100007990230610
100007927232129
100006886509816
100006294977183
100005901874445
100005791659651
100005503830504
100004818375613
100004609627264
100004549861163
100004425394465
100004399661105
100004103957482
100003983216467
100003907897632
100003820843518
100003696198894
100002746632075
100001962877972
100001915584830
100001839745202
100001655663588
100001558834165
100000891984790
100000847344607
100000231762744
100000217690605
1790085046
1716820162
1258200620
1184257751
707916483
675246962
100024187771443
100024037990989
100023925733050
100023875430937
100023831376926
100023209794144
100019358687764
100019196535936
100018007456569
100017920745394
100017914112750
100017613735541
100015915604545
100015888581196
100015650377156
100015612287045
100015475920051
100015198877949
100014930230993
100014805365227
100014797514329
100014671201213
100014068660548
100014068600233
100014068562428
100013978155660
100013614583424
100013245040482
100012988485910
100012935251467
100012750811940
100012600300439
100012414152850
100012347703043
100012273199012
100012017716202
100011768288142
100011754139386
100011255715092
100010838119405
100010722374186
100010196464741
100009909152214
100009882184739
100009489106382
100008349375742
100008198565091
100008110351121
100008074545986
100008065269114
100007871314724
100007515286800
100007201064020
100006752131734
100006496440696
100006482236036
100006330637274
100006200794979
100006180940295
100006029462545
100005366647805
100004929366544
100004607807624
100004508267342
100004424557987
100004123723272
100004069485369
100004051665094
100003810946464
100003759782791
100003685342124
100003474498329
100003291489557
100003290741929
100003275139670
100003219666768
100003131542821
100003055159104
100002917323736
100002801612384
100002630857062
100002349345793
100001917298105
100001899391596
100001845673944
100001735940938
100001725324201
100001688742210
100001463993699
100001457854518
100001363464741
100001040486508
100000484783825
100000356802592
100000295239770
100000283576714
100000217624395
100000199272597
100000100275319
100000082813657
100000060968190
100000025487963
1823709112
1787870058
1740379612
1365346606
1288758451
1144836076
723933317
709519327
539568257
516402718
100023509630122
100023216086763
100022693080197
100022285972072
100022197111309
100022131040200
100022057027745
100021918679959
100021760354146
100021318642315
100020895800478
100020553161089
100019849422015
100019712739644
100019398245511
100018810151891
100018078123277
100017877888650
100017426082403
100016862738097
100016549033484
100016409859423
100016365254373
100015825813002
100015799384600
100015792941546
100015697112025
100015695706512
100015444842180
100015235785981
100014665699194
100014107933833
100013914010292
100013656395960
100013309813228
100012552529453
100011709609238
100011701422176
100011694672040
100011646817768
100011517014105
100011497148943
100011417830694
100011293787074
100011198375811
100011144703743
100010931195846
100010717003046
100010655828924
100010540459056
100010369002644
100010164937979
100010055853522
100009633465599
100009610652586
100009553861589
100009474866318
100009441137932
100009281947562
100009279091257
100009199180604
100009142873277
100009103762466
100009092869618
100008561081324
100008384649879
100008351971480
100008271634317
100008126523869
100007786721942
100007500642667
100006914677397
100006785112214
100006696913033
100006655595563
100006641620140
100006616150367
100006563492762
100006441515372
100006414014620
100006271144271
100006217770102
100006095765963
100006042432577
100005987838039
100005882738365
100005864831361
100005843767707
100005757425004
100005598126054
100005439164972
100005283611967
100005275724981
100005145187182
100005126404827
100005022637499
100005004763851
100005003283928
100004985023700
100004899104493
100004750183868
100004744390843
100004722725729
100004673590271
100004626522954
100004555475233
100004535508034
100004527241899
100004477175591
100004281914103
100004275185001
100004248390621
100004225661528
100004173522971
100004157952853
100004133460202
100004101037494
100004100766558
100004085898592
100004057402245
100003981042397
100003954506411
100003905584191
100003895868848
100003880566644
100003876816563
100003774004176
100003759184561
100003753747663
100003730371142
100003348825070
100003320377770
100003265166441
100003231592911
100003228941718
100003227693091
100003205162871
100003186817130
100003148734964
100003068816721
100003062921781
100002847888042
100002757507282
100002346088619
100002273508274
100002148460354
100002032181824
100002024906993
100001908019050
100001880620183
100001864035551
100001811900858
100001801157506
100001667781042
100001665000573
100001575600141
100001528698992
100001405549795
100001227411829
100001194704295
100001102678146
100000935665020
100000853936542
100000610899387
100000545478411
100000312722292
100000254667971
100000241123102
100000224270384
100000178378230
100000164993155
100000155981987
100000026888347
1821674278
1820530665
1712184834
1513927672
1387185987
1269729198
1013419688
729482414
536618426
523684442
100025297817455
100025203880256
100025153920642
100025070678566
100023085680427
100021808961160
100021454781741
100021380862239
100018729639842
100015545770025
100015518989396
100014782145940
100013768990513
100012504189681
100010328585317
100010182398646
100007607327170
100007570864080
100007193310249
100006990007261
100006685486548
100006580752205
100006444690868
100006332799089
100004625375730
100004439050947
100004297382267
100004029026655
100003743925012
100003727849824
100003548118339
100003107188359
100001843735948
100001805456110
100001483492256
100001387096568
100000526950935
100000367373013
1547924677
1188935787
100023631581869
100022330823304
100021337818208
100020825282045
100016402635270
100016334953533
100015671927821
100014385061573
100013841653427
100010735213331
100010662721395
100009921936454
100008245961003
100006111632196
100004221217565
100004099188677
100004016154556
100002804958987
100002778495598
100002742075693
100001735703161
100001668938839
100001592008774
100000010805821
1250323405
1128936389
832428417
100023647450532
100022495428206
100021776752592
100020414017450
100017934523531
100017546417792
100016787656104
100015969871810
100015073187974
100014765443341
100014268725143
100014060910693
100013742499907
100013706621837
100012728582525
100012558156902
100012507002793
100011769557400
100011717476898
100011222171260
100011001904760
100010416917841
100010402714201
100010188108320
100009191075133
100008971217745
100008967212196
100007751777202
100006840968145
100006811590204
100006675571090
100006646424255
100006536359257
100006331034168
100006329622166
100005758264572
100005460420158
100005386092867
100005122033735
100005070721553
100004968619309
100004910102289
100004775506027
100004451700685
100004310147647
100004045116565
100003799012596
100003722056894
100003665492105
100003617839884
100003515256859
100003469373885
100002987234632
100002943617763
100002738448355
100002698139236
100002438132785
100001914755209
100001842507428
100001757660048
100001601799041
100001486660763
100001399759577
100001341515184
100000665327183
100000304281871
100000300410812
100000274395385
100000149290442
100000143352530
1672835465
1458273215
1289964667
1276028310
762147877
652649714
601963342
100025456536700
100025449397005
100025260992283
100025171971953
100024933411086
100024755293158
100023980421903
100023502611591
100023472784559
100023376434543
100022886302897
100022850840764
100022762517191
100022736584549
100022473513788
100022275214972
100022255058885
100022167101066
100021994118302
100021926708260
100019471186125
100019258900120
100019215574539
100018967484975
100018146688736
100016516273410
100016344996030
100015810317989
100015416912963
100015325659449
100015190484557
100014891959018
100014636371181
100014350482872
100014227569029
100014103520311
100013932424938
100013506824382
100013272697840
100013266828716
100013166500159
100013127198856
100012877602616
100012766815573
100011465805638
100010802464026
100010690933416
100010469230539
100010468483523
100010318757696
100009998527189
100009604835073
100009508271064
100009361676131
100009161295097
100009119844550
100008830125981
100008747768442
100008671445588
100008374862781
100008251022414
100008145391699
100008103583198
100007967346527
100007899586585
100007267238054
100006971017707
100006957242692
100006813036201
100006780632380
100006774137493
100006691260922
100006676328583
100006434138449
100006203731044
100005942203842
100005751550711
100005718731195
100005685937149
100005581507620
100005460709239
100005310813304
100005140536954
100005034150639
100004994940219
100004892925067
100004891511685
100004798320068
100004604292698
100004376322619
100004280775878
100004101524951
100004090994393
100003920776554
100003891673663
100003789811127
100003789208664
100003703668350
100003678067329
100003653994490
100003604348867
100003574556250
100003557704704
100003175604374
100003133350875
100003111508736
100003051283642
100003005842897
100002989364733
100002937015699
100002891815144
100002718960532
100002660023186
100002654426684
100002274167403
100002104765611
100001876852935
100001867422102
100001672795200
100001597283011
100001569422273
100001564416974
100001558552048
100001257804973
100001239782408
100001210397402
100001205763783
100001154030251
100001035913442
100001028300869
100000755580062
100000677897289
100000644428899
100000473014639
100000420398485
100000388172397
100000253492477
100000249639674
100000175085407
100000159480604
100000130810652
100000038235214
100000003107862
100000000290734
1765906089
1670782015
1424090406
1171224932
1079418516
100024893886449
100024853660741
100024811149087
100024774705278
100024764933881
100024717621305
100022882297537
100022733837083
100022602630708
100021836050914
100017809961539
100017472813655
100017117981113
100016014608006
100015621092477
100014561508803
100014196842448
100014083960976
100013849090633
100013065487781
100013008102410
100012727840449
100012121603102
100010670520123
100010498632477
100009704235693
100009616177299
100009580830088
100009412138225
100009281133143
100008800816815
100008485637843
100007636711925
100007005451339
100006622831035
100006559233029
100006367385492
100005689265419
100005480702603
100004789836754
100004486900156
100004152162073
100004119397284
100004080380171
100003929172562
100003877241736
100003826706715
100003648505143
100003308784006
100003281252257
100003247460882
100003182564023
100003164704132
100003104481421
100002975333064
100002535716369
100001898885168
100001613908936
100000908210920
100000883004369
100000580829041
100000238140045
100000160193514
100000004918670
100024946936418
100024946470746
100024912262017
100024868903838
100024785659826
100024571056894
100024014946673
100023866776548
100022638660407
100021932620573
100021795678669
100016831307934
100016667716112
100016535252296
100016112194535
100015810665407
100015369554099
100015002027190
100014832616174
100014565487311
100014510469878
100014137695437
100013894661001
100013702423623
100012436936088
100012280538114
100011536968956
100011042478953
100010204119249
100009992709246
100009584744466
100009510939109
100009400804305
100009177926460
100009117444793
100009046727585
100008659390598
100007998402807
100007894210216
100007645038904
100007616490666
100006786763851
100006676448774
100006475602189
100006112350421
100004863823853
100004659451359
100004629065678
100004563162572
100004558390805
100004501992068
100004311490930
100003764381034
100003726450533
100003723655183
100003687182908
100003667686482
100003177291280
100003131991062
100002770022521
100002522044597
100002453996177
100002259310971
100001770303667
100001768003699
100001703133858
100001495679074
100001495141197
100001467072221
100000927697375
100000625670133
100000515799386
100000445847248
100000388706743
100000386285198
100000335047609
100000189117235
100000179328908
100000127206323
100000111657515
1815102271
1799283757
1675566990
1110177024
1108766040
100024721431979
100024626326151
100024618724637
100024145503540
100022813205077
100021660522006
100016480299554
100015941923419
100015546128281
100014093741584
100013807760223
100010348682413
100007877590137
100007730072859
100006964082490
100006905407454
100006611979927
100005186764105
100004761764307
100004646496585
100003254718780
100003110391958
100002684925152
100000822593324
100000434414572
100000254946422
100000253543853
100000062488255
1682544627
1366278797
1011660963
675792435
100002878120479
100002519907149
1828302299
29103497
100004600896676
100000013614590
570219347
100025620632922
625047069
100005874812088
100004495691475
100010512395452
100025493735974
1283495884
100024895371790
100007142613333
100007986731607
100005451098164
100000038755163
100025324878953
1817887788
100004518969993
100002513701373
100006456722257
1627157400
100024736983296
100004784553651
100003283080632
100006157243624
100003740145587
100002090970028
100025119791227
100003665041323
100005278063602
100004154372584
100005944485262
100003474886990
1785392707
100004698642005
100024395951904
100000096481944
100000431151006
100016371600133
100012810349306
100011722176340
100008224921661
100003279482118
100009370003083
100025174519145
100024047250262
100007937252079
100004561326360
100000299367280
100024986165583
672478125
100023158069174
100001912123779
100010736641308
1279201548
100002088213423
100024821916470
100000007436179
100001744998867
1541559427
100025028865789
100003710767269
100002297245463
100000234792648
100007732750466
100013410124274
100009630021452
100010652225062
100021918429969
100001043964538
100002993779777
100013141482877
100022179829908
100003011497192
100004638635683
100023711536251
100006189817489
100003137357448
100007505656556
100013931839131
100022155196819
100014800669390
100024548387506
100023667560962
100022453937061
100003776770282
100001351252561
1201745937
100001755463937
100009522496560
100024159454042
100007299572266
100003617735964
100004223502395
100024788239082
100005101208188
100024827836105
100011224597501
100005553586186
100004633635366
100000329797513
100004125487269
100003769074800
100003812963957
100001111311085
100024870854210
100024708902696
1801963694
100002989820099
100003036377784
100002745968580
100006787651301
100017009294372
100023229909347
100006547842436
100024649900331
100004636983744
100002850768294
100000631380509
100001207355911
100024403862785
100001656438733
1037902388
100023453000758
100012426436757
100013346401641
100010154656711
100022184775108
100016848674039
100022804809584
100006702194094
100003117621816
100023607471604
100004758641859
100003991826195
596923009
100004330680429
100000196449636
100018237908205
100006918338709
100010447574345
100005587367936
100004235492349
100009764562359
100013595910112
100006558393926
100004047116010
100005886874630
100002887888555
100001158783509
100005146063477
100004339927137
100022513329958
100000222577524
100006609571957
100005636948111
100003358792417
100003106991341
100004185731387
100024403964391
100004011749104
100004566614319
100001824324363
100020859840502
100003298320621
100007721466212
100001289706940
100000618559531
100023247949577
100004810122074
100021947381434
100022920665601
100022708783402
100003202729110
100003298541636
100015224171711
100006476457547
100003849904188
100004288218535
100003086721858
100000206651571
100005147225784
100016811688914
100015372877749
100009613639853
100002995159755
100004279746626
100012718994706
100005929366799
100022978877532
100005111955123
100003253099986
100001401538771
100006503822640
100002933479479
100001767067836
100003651977781
100010484957773
100000016266785
100001672595408
100021512052111
693111021
100003145298013
100000025375896
100001445494188
100001450878823
100005899840632
100008300802583
686854111
100006452373937
1095403498
100003550182117
100000243665421
100023855713819
100000720825316
100000448767982
100003104130059
100003023483494
100022939110985
100005374265865
529860495
100010521882195
100024007232240
100022682835940
100005234826466
100004648053029
100023969024849
100023636303252
100023850908112
1379095440
100004385470790
100001862148078
100023749358908
1394446824
100000094873461
100012156765205
1643599984
100005514137872
100009444866345
1737541041
1505911015
100022155907924
100023089518016
100022646250164
100015645630025
100002827089265
100009388801903
100003513377932
100013177996218
100004475078242
100000075871011
100023810381000
100022678777756
100022119909098
1053831593
685384666
100005313796228
100011665422810
100005741772422
100023740612706
100001054259123
100001665259960
100023683992068
100017607546759
100017122630055
100009634682087
100004008563256
100017983698351
100012676833696
100008248157433
100005196847091
100004738812487
100000753039108
1524690742
100005863035898
100004041142700
1220115317
100015898235958
1644162525
100015411402558
100014115725957
100001800272156
100007645877831
100023743931971
100012979664093
100000339693508
100018267725893
1631447869
100022069809793
100011523818236
100000083656809
100018260973138
1452483222
100010292041184
100003275187513
100006034059350
100004678382474
100005112063343
100017346780787
100019100885154
100000963843419
100007264031497
100004395464646
100003089597446
100004503842092
1375344957
100000122142856
100002252686708
100000381210393
100014724045583
100023681224857
100009597556419
100021765223245
100003770022266
100016748205887
100001680346964
100000041444320
1298986843
100009450964787
100000253407755
100003722560318
100015758497365
565694862
100000116773643
100000111732947
100004613113980
100013955107515
610172743
100002977312327
100015419522343
100000025526350
100006188710255
100007479459274
100010553049791
100003193637641
100001485669422
100011390528695
100005314084747
100002613779009
1846092076
100001425912768
100000279458711
100004503821331
100004023227792
100003118402311
100000877380746
100003770295534
100023436131956
509260327
100009521352693
100000310879194
100015582162158
100000392919885
100002964741111
100016750029290
100010663359193
100001138376705
100003667915214
100000019431000
100009684279656
100003862101123
100023320061486
100003811073789
100004494123997
100023006272157
100005798582306
100000112417356
100009279923108
100001008671490
100004019431295
100002678068421
100005908148511
100003230707501
100021960497114
100023319042982
100003178519465
100000390694611
100004366152941
100004188333898
100004201951953
100002519110282
100004233401716
100001769493973
100000835515385
100004362887118
100022444621392
100003939198167
100003215737947
100003094881806
712248093
100019254245921
100017720250111
100014078764652
100010412205812
100005912475965
100001559593116
100001808951283
100007698372861
100006463557218
100008029384730
100022263665260
100000439294568
100000227695424
100013188638815
100001707434391
100016940134036
100004027200555
100002951946330
100002804039249
100005249252532
100005903112483
100008075073926
100005383032694
100022895962321
100011718869884
100013061148498
100003642691574
100001668284377
100020036670103
100000585838544
1182781615
100002733928278
100013656390243
100006063042034
100005766091578
100000158991056
791589153
100003745204329
100015361155445
100014247480330
100003117253874
100002295850697
100000305686368
841183953
100007811383211
100016432801905
100007581067387
100011348570876
100004035596682
100001463752201
100004064794161
100004451887936
100004069031413
100003953776405
100000120383301
1375135994
100003161086389
100002098756808
100000328079284
100005618460591
100022827015252
100016606654743
100016903126657
100003316036667
100023126524088
100004787979977
1158255061
100003476093053
734877437
100001074341345
100001856721120
100001216968276
100022984402418
100002506265039
100011060910851
100006296469756
100004890663901
100002000698901
100022849728430
100019130208304
100005856340624
675731413
656115220
100009195840903
100010810699432
100009449890243
100000770057537
100000413231350
100019949024311
100019209180497
100022636164379
100003794379576
100003955176718
100002972321541
100005893443447
100022761841592
100004110780006
100022812892127
100022832302826
100007932810526
100022489453585
100022964714284
100000086908557
100003121301817
100004466983159
100006370512340
100009834043754
1584561309
100012425149547
100004501957169
100017112104816
100012829982120
1281895745
100004058508237
100004989764265
100005021232112
531959122
100003325729412
100007291278526
100010527583950
1847499911
100019560013592
100001731158568
100003166209816
100006168198446
100000072334761
549358963
100000199947902
1197761564
1326671216
100018111883580
100004340287738
100000201306857
100010830402120
100005008595173
100004029601549
100022098244403
100009579661370
100004988321813
100004224644407
100022578882296
1456890681
100021245952908
100003990228393
1740177151
1428183077
100010107451733
100002252984206
100021612187846
1406286392
100000531626057
100000197602636
100014622226265
100015372641054
100014804432028
100011459755427
100010575617039
100009531933566
100006538503536
100004033800419
100001530840652
100004470371562
100013760823999
100001789516556
100008199991955
100010116731102
100001198047865
100000095907007
100003126761625
100003888377850
100006803166606
100001208035424
100000052467547
100011651592643
100020479064904
100012389295237
100004096836557
100008436907122
100022093664573
100015329265265
100022657260859
100010102411926
100004269073509
100004348418568
100000182471785
100006422971185
1797773315
100003049582211
100000880159705
1024141537
100004417332627
100001149529906
100001660069966
100000179245170
100012153916974
100007082685946
100010223954595
100004918651333
100000735874083
100015586351491
100000516860658
100002341677137
100002884792068
100022435718480
100005844251130
100022148321831
100002887158079
1619835467
1003064996
100001740251003
100000904282208
100004288967105
100001129059690
100000022844436
100005271582054
741482378
100022268000789
715066031
100004258117614
100006502000630
100004385623892
100005207557317
100021431323304
100006717636023
100010187888475
100005474169374
100004133025984
100012936548757
100000930283014
100004690149486
100012735723498
100004049891272
100005114146135
100003984909601
100014816478647
806818819
100005836147606
100021183581359
100014835574645
100005589452353
100010386047341
100007042060457
100001769545504
100014439185073
100013117006028
100004044596239
100012045257684
100003277345487
100012555036330
100002546747784
100005341501559
738329117
100001132643996
100006793412568
100002893014064
100010127925608
100008072659000
1307530438
100010305364127
100005279167260
100009298751373
100004307585295
100000513762475
100015396937924
100003014292632
100002940859664
100017441832167
100008478368863
100004962098914
100000088361965
100004483449432
100010805082887
100000423181050
100005320364395
100000323236361
100006868189319
100006667871591
1436435430
1618783300
100005570894092
100003659190925
100021946394561
100012629581060
100011637286514
100000473532342
1842660341
100004754078668
100013815159311
100013808466873
100010804062364
100008280006457
100001893855395
100005616992392
100022068830973
1404471391
100009274540197
100010448433289
100007862737761
100003262161668
100001414671962
100000218842408
100000279495453
100006362462278
100022259619301
100001536371570
1290324825
100000492856977
100009725074621
100000378408975
100004785664260
100004163646106
100008132220721
100004012552806
100012263387331
100021556114935
100005220339288
100009410580293
100000518543230
100012755567307
1475391075
100008687856765
100000030212805
100007538537540
100004855179346
100003171328512
100001754092951
100001155155443
100003742554393
100001774477928
100022073417870
100009633799874
100001225955188
1308037255
100009520476550
100006861192843
100021969467993
100008826498741
100001793943643
100002378932754
100001215190777
100000523637478
100004646463674
100000579554146
100002243998139
100010711723297
100003291729999
100001015179656
100002897428350
1360221815
100006732678544
100007997285780
100021922010480
1828711411
100004081190293
100000405682139
100000952815871
100005110922358
100004529087835
100004513629521
100010813415545
100013119342624
100010121860360
100003477490800
100003627833142
1032339907
100015447612828
100000093984118
100008952761719
100007078484315
1042504614
100004876725858
100021526160402
100000850036684
100000173635952
100010459481242
1678152480
100003309796273
100000960615932
100000432052346
1230416366
100003475857913
100003665042628
1050012219
100003098918917
100001781515544
100011693645632
100003276460291
100014482758596
100004834265438
100000254495048
1427237726
100017059218799
100005334885956
100006520608035
100003099143046
100013541867301
100003172033138
100000082997735
541079619
1299444802
100007322254960
100011654898172
100010589073101
100014553339729
1478924636
1322324630
100001870819001
100003967543097
1411303617
100008068665131
1348191453
100000148893521
100012379291754
100003761336556
1460696344
100002930518675
100000049201777
100001687699599
100007104550617
100003472103994
100003327600777
100011530778621
100010895441000
100000247455220
100000143142690
1798674898
654598987
100007784610691
713104279
100005070098896
1443383106
100000057414776
100004551342604
100009075992236
100010459479585
100010529460332
100012452591402
100003965720349
100003323642868
100004439610823
100021809573556
100001325563067
1389273554
100001290360603
100020742636689
100021568730943
100017691669437
100010162664031
100000129182180
100001041445498
100018380475320
100001595827308
100003721491369
100006434134874
677737914
100016271040409
100003842840495
100000852654477
100000203813405
100004746516569
100000269385655
100004581244742
100004800547662
100004298944782
100005252830481
100004685528198
100000920535823
100001774866825
100003527068722
100017245053789
582107251
100004936804390
100007029578669
100000294581724
100000962225602
100004952080590
100016279537971
100006742899562
1847428675
100006105335013
100004345143467
100011632395151
100016104697434
100005837132453
100003817817046
100000206993208
100004484169353
100000611420048
100011711350614
100005859510213
1675371972
100002484579639
100005074384558
100000012435166
100002633431868
100008096255507
1240613557
100004139222507
100001909168849
100010299977716
100000409391838
100000047480971
100004101549141
100001721349492
100003837392165
100003341763854
100000230580200
100001348925449
1764717931
100000150709491
100011777708073
100014256433100
100005800664602
100010196767470
100002935132143
100004183187261
746974010
100002654358042
100017371840652
100021666916036
100004319446126
100003872637364
100012291288303
560074200
100008648473924
699429991
100002872464309
571139830
100005884471745
100004099389919
100012851114875
100011850217437
100008263835919
100004033813716
100018629012333
100015115189280
100009594225352
100004524782923
1781859059
100017287333852
100004339751395
100009051956528
100012521045539
100000089065427
100014875470242
1313372847
100004952435564
100010626348974
1277974337
100002577132157
100014326748357
100010258357992
100009853509888
1039611089
100000250698961
100003252477526
100003280745723
100006472198176
100003932333434
100016108516075
100005713389537
641280917
100013958972111
100003777053057
100003774174544
100000294841647
100000015654486
782139230
1461608342
100013038484260
100020896658796
100006940836136
100014722444560
100000368841738
1201313031
100007020610756
100021441254309
1799986106
100000189886147
100013220205705
100014808819748
100016127851521
100004927489366
100006365985285
100015338078739
100002904811389
100009345210765
100013606688611
100000143288621
1355226623
100009566513562
100003682204061
762613604
100000353402166
100018064593687
100000324302542
100007168770570
100002081588389
100002776910049
100000211034425
100015130514486
100018807048063
100009489310765
100003693222109
100010188282326
100006533950267
100002857893943
100017659352339
100005796188986
100011088365029
100003810715363
100001599642475
100001237840155
1570302631
100013829947935
823978743
100004935992110
705421384
100004022795964
1305231004
100005278572543
100014997435260
100006790931850
100008433785986
100013749191303
100005182562529
100000716431630
100004050651135
100000488378424
1691982727
100006591360545
100005884843944
100003053747586
100007885694870
100012525125037
100013508775478
100000860291871
100004001784572
100004226375219
100018763038393
100001633245013
100015983853384
100002890463204
1020157039
100007672573446
100005133766538
100004019734518
100005652523216
100000380461323
100009288609538
708926412
100004006674158
100009110251351
100005480947090
100003566821218
100010639659334
100010488916932
100004528993350
100004238534260
100005293420455
100017921772337
100009380942546
100004306991291
100003962361225
100003191733865
100004098649871
100011617060695
100003050723927
631088628
100000238653346
100000427370916
100003700818398
100000241465743
1350231002
1085043544
1158042674
100005791413631
100007627983497
100006737655793
100006136982979
1261209528
100005428560429
100002718501537
100004618027748
100010907164056
100011044150446
801780149
100002770135149
100011673697192
100003803853614
100000134979755
1746032155
100010483277359
100015989555634
100003228257976
100007198688269
100016396937498
100004547832448
100006309216295
100014276058804
100010923577985
100003665539313
100006130698514
100000020688779
100001009445612
100005712546962
100013239091393
100016788480758
100018958579150
100014872384894
100001027719770
100000181023157
100009889814076
100013820595279
603235796
100002632745907
100004898763222
1847979926
100011528704031
100003635907870
100000130244586
100000267860894
100000084486291
100004717997475
1035059578
1127905109
100004364258386
100003136310485
1782551970
1793518358
1289559530
100012167410260
100004317760456
100018043443980
100018908556566
100006339392256
100018943471468
100002993464210
100008267410231
100016654381652
100003958802475
100002489587421
100018004451548
100007924213248
100009579681087
100000375173735
671827226
100011627652542
100005093044503
100003702781091
100000367952473
100013863004755
100005984462883
100000171671685
100003121023844
100009180862488
100017099322148
100003820941842
100003905532708
100001631706174
1606192717
100004171843650
100006472414925
100002572517563
100000049995231
100016092550760
100018204915209
100007003501769
100003164741846
100001398257758
100000039273582
100004873084042
100003985571599
100003962390389
1232697688
100003590145966
100007615636600
100004671722458
100000378631356
100001671506133
686038956
519877651
100012377580529
100000024406681
659497141
100000511770803
100011355075480
100007055979958
100004058242280
100003119334303
100010772327524
100015712361085
586298817
100004316911140
1257816992
100002811764290
100001272575127
100003350050169
100007949163521
100001677679018
100016297066158
100003654018077
100015154423289
100000139143906
100006667271147
100000516540785
100003325950950
100003673131538
100001451245829
1281928092
100004245573054
100001280813834
100000218826673
714941949
100003688091504
100000050815748
100002870282018
100003897754588
100009482771419
100011034969156
100001915301763
100000296558140
100016859112616
100003230055738
100004035864457
100008750015940
100014147804374
100006954945252
100017743654096
100017836067872
100017810282622
100017960441372
100017039944200
100001476734788
100008038931911
669227534
100010686010384
100011343601837
100000367441213
100008085094494
100000072284884
100000048368926
100000227497682
100004731885507
100005523309639
100010685564843
100013270204013
100003751027050
100011346601074
100017535940993
729655969
100002967055717
1430002469
100001756644345
100006113169617
1043406323
100006291183812
100004910640229
100008116722062
100011390725732
100006412205783
100006880098101
100000006954837
100003840150472
100013540152671
1406752897
100005683740684
100003959192950
100003254215156
100013080195665
100006952158236
100013475802826
100002868001986
100015963671298
100004613760044
100003794821594
100006353852544
100002905893507
100009718365867
734328290
705395352
100001906474124
100016982050957
100003628466478
1391098430
100003803578644
100002914212960
1813942040
100000694605420
1035248702
100009489597612
100004354893470
100001385283010
100011469679285
100002738513008
100001523464230
100004489690747
100017398833462
100014944442924
1298064800
100000687559667
100009528133860
1127545196
100000196833599
100000133483926
1260233132
100002298757049
100007985745353
100013120215648
638076176
1516644988
1158930851
100001738422487
100000799277318
586574139
100001682941966
100002447274964
1776232786
100003154122028
100010266376326
100011411653249
100004880281141
100017615343633
100013773428651
549904137
100010879088183
100010829671006
100006417518339
100005706007701
100004101615307
100004854274326
100008328130019
100017317989586
100013338674795
100012818401630
100011454549163
100016568351049
100010738956790
598216849
100000273248519
100004342416692
100006665077754
100001642028077
100016207069271
100011594974850
100016935634150
100016367895685
100016137186441
100004502171098
100016496235224
100013199048275
1401369451
1176366631
100000229130363
100008079872165
100003047507627
100013908821428
100003803081993
100003866516345
100003135604682
100001686037219
100013000417183
100006638916078
1321890288
100016326124986
100012707505722
100017273056642
100001661085584
100004051410374
100015319146917
100016336630123
1671800416
100005833147761
100004584960561
100001517264908
100000224185496
100003946420600
841384489
100009564791106
100002590343805
528198626
100009221499359
100001042366229
100004184855440
100011481135101
100003127693015
597917478
100004038734982
100005552109355
100017077665043
100001611676390
100009837498911
100006854352185
100000182022869
100005955552712
100016637654753
1839804950
100016057601351
100005579225585
100003527426353
100008313605402
100016260453751
100003550672810
100004410396212
100000227838527
100017010524055
100006497640641
100002520359137
100005870804193
100000181134335
100002653276893
100009785986457
100012581889931
100000000007874
100005396053318
558572282
100013286296380
100004054480046
100003705037521
1220815028
100003927095877
100003496388191
100000187335231
100000402436139
100004845941942
100004063686746
100006519540692
100009776388896
100000212157846
100016117898969
100016390636694
100001712758726
100017014362509
1619062915
100000383958988
1230894422
100004120080906
100003622246050
100005729049602
100002698612132
100000218150711
100000146808303
100003808811707
100016904559251
100000907186584
100000060288685
100001505881918
100000046484670
100004067810319
100016961167864
100006441197592
100004768562088
1602863673
100007589229332
100003813570161
100011031589141
100009862050425
100000247145678
100000202255461
100000280683844
100016199011778
100011136935402
100000297154829
100000295415146
100008850103075
1059357971
647508045
100015353347181
100003447677494
100006060402479
100004159562964
100007079238920
1529582915
100003563194653
100009468688983
722174664
100006058030624
100007834921159
100014403376231
100000072820371
100005866321950
100005391697663
1420231123
100003021114807
100004670162439
100001661949434
100013431280704
100005905441888
100004151342493
100000112860886
100002689028133
100000392486303
100002863252414
100004081174762
100001456256075
100004000044002
100004528749970
100002766669960
100000284681187
561229102
100007085342224
100006706920564
100002879028002
100015605830336
100014344576145
100004032581470
100000026242321
100003478980496
100011394671978
100013627088897
100005272867167
100004532886301
1395627517
100002856608375
100005350118725
100015565742827
100003855019905
100003815501709
100004739340324
100000595672965
100003777117300
100006399663996
100003797717576
100004258420373
1204912526
100010384878416
100005666647494
100012894004975
100000264586805
1447187291
100006689716284
100009889952926
100012414278426
100009541875684
100000271969793
826429097
1696408433
100006341500636
745674032
1002860286
100013940415133
100000709929990
100001415157890
100015587529276
100008357371302
100005784135913
100006327841507
100008645745124
100005878260221
100003772700184
1713743361
100015016816498
100015981219215
1829492722
1015754120
100013994058453
100001593118230
100006363845803
100000636078797
100003631228204
100000133066858
1345931314
1101417512
1671881342
100004686724412
100012013271940
100001000747852
100015695531163
100001932541409
1678097450
100000484830952
100015771252401
550931558
100013620850524
100005630460198
100003678812407
100004228474806
100011383408987
100011783730955
1635300751
100000059254542
100009374557400
687289017
840722420
100015978525012
100007579293639
100004362493264
1041189362
100000001825942
599600755
100002501167737
100000049270076
100009176986123
100015148363590
100012823515539
100003779285354
100003246027649
100015284538754
100004067319260
100004801324129
100003687111270
100016244537241
100004159813972
100004413967546
100004001445439
100000698491211
100015349456966
1129596525
100001758189725
100001651877118
100003182940056
100003502431788
100000488950094
100001472257290
100005457307978
100014594563883
100004510327164
100005968174988
100011000191632
100005278656293
1145707324
100000091840220
100007614016963
100004053282776
100016076561488
100014388108057
100009167963476
100002692315067
1633578577
100003539730472
100012565681730
100001640810585
100015200953558
100000406894822
100002987822430
100009188951571
100009306602189
100000058621363
100003715119151
100004124792316
100003845162395
558367929
100001201317914
100015568302224
100011236787879
100003665084266
100016120920310
100002565847026
100003869500338
100003158771292
60605404
100015995174402
100003902553281
100000256048706
100013814297282
563054207
100002965943611
100000016326215
1163138889
100013996249008
664919897
100012564424335
100015362354122
100013867878163
100012655058197
100015705646580
100001806220142
100015995252629
100000153175932
100001894078207
100000252497597
100002535229434
100015816736835
100003104231104
100015317252952
1005902643
100006964724966
100015851923882
100008542125188
100004467847326
100004071323017
100003048022992
100009471627790
100003512021870
100014694631094
100015761554986
1295958949
100011358314750
100006414484368
100012251857698
100010045363826
100002261863552
100000197761983
100006483264494
100005026056640
100010522004069
1653708362
100002914217922
100004226289000
100015764970263
100012590558369
100006657996117
100004654095281
1752241918
100004136797382
100010556941314
100006509201340
100009305453983
100004819868409
100012541843166
100002611917819
100013783861101
100002813745325
100003504799459
552210650
100003225548535
100005828742363
100001621521678
100001578533486
100014859753450
100014596813654
100014731143297
100007877206489
733261478
100008424789762
100015158896971
100014253573067
100006418481068
100014534776767
100003857868755
100001295205534
100004541130071
100014040874448
100004476367107
100014576826346
100014596153570
100004048951423
100004607340310
100007146408581
100013380405507
100007627543226
100008883581229
100014613457438
100014447165290
1035385369
100012241509109
100004713335618
100011060550527
100009717663665
100014461152585
100011649313304
100005545691999
100013221286710
100003780885000
680029589
100013571229115
100014594340652
100007637294764
100014267747481
100001590751394
100013458336470
100007467977421
100014009355317
100014043070317
100004183890550
100003226146320
100013957904359
100013941316051
100008036146336
100013281457775
100002528261366
100006431563559
100001089482774
100014046376688
100014072463816
100012048360331
100001534533996
100004170217518
100000077867857
100004434903033
100000245295324
100001302558742
100002489612727
100002136524485
100001589810961
100003310833080
100004077638711
100005096263753
100006106415241
100002971356347
1122833688
665653976
100003522972197
100004048125836
1796372296
100000422066679
100009839284930
100003697059991
100012366517253
100013688942043
100008055708940
551999714
100005026325525
100001404649747
100002991515870
100000187833091
100005447592278
100011138434053
100013926062223
100007251153702
100003896808495
100003126633052
100003717591873
100013081487617
100001590974395
1738472107
100013325704057
100001513433729
100003161533534
100011014147480
100006003136507
100008692052877
100000570423238
100004205022055
100004339806774
100008060372530
100007913168101
100003935751224
100002726705198
100012066251832
100013523295802
100010140306034
100001381796831
100000078316782
100001606994672
624855186
694936704
100010752193840
100004895473691
1784940800
100009652039246
100013529437004
100013252754999
100013462269220
100012701986975
100002453726376
100004890904913
100011686307745
100003068264280
100010800121509
100012764735610
100011194354209
100003651568882
100001165995898
902335076
100001374058767
100008177857191
100006766780802
1188622037
100001728280339
100003624008809
100005714496109
100003130447095
100000180823295
1065807270
100013088713870
100007485275625
100013240234832
100001759681010
1678316209
100010197581546
100001573912567
100006870048764
100012441286314
100001842401759
100011726288288
100007770608831
100009869768908
1031673653
100000015048859
100001873161362
100002283652742
100007004176354
1353667322
100011050214222
100012842413819
100000846475813
100009599480511
100009942364724
100002958966340
100004061411551
100000483215694
100008088615689
100000092839902
100012601567614
100013014548938
100004665731137
100010201957761
100001142866455
1114825332
100011823602090
100007843560820
100012978156064
100000289236536
100012651709224
100003132896269
100012694517768
100006597422548
100006553291702
100001915159846
100011627406666
100011592525929
100006695052780
100004674395119
100009325610412
100006652778231
100009642909318
100007086279700
100005617096569
100010063386662
100006851165039
100011088821879
100007983160240
100005637878581
100004007872574
100011754271142
100011287569992
100010985262906
100009048701044
100006850428729
100006726610301
100002952947566
100009419416135
100011511992039
100010019203081
100005901212789
100005853136525
100005396076295
100002823188301
100010580313339
100002641418362
100003110557771
100010846935935
100001039019294
573433526
100012416079582
634368517
100012388006663
100000600285048
100010172232550
100001394216318
100009746222200
100012446504105
100012438391987
100010634629235
100006142094220
100003224992289
100006830371838
100001809473683
100005427870377
100004755454724
100004561418632
100000395704273
100009500539520
1012846824
100009884860772
1276465520
1128849663
100006477399391
100012476163904
100012335025841
100008103617149
100001436119039
1677748129
100006509510171
100001851254275
100003106339376
100001213850082
100006453031381
100003942015396
100012568570346
100006668626621
100012201911278
100012084583187
100007263729386
100010064403269
100000506591703
100000015943541
100011814099636
100002947858761
100000339967264
100005453441279
1493602809
100012143565418
100003966129958
100007840420343
100009325258779
100001670178427
100008115368635
100010063292944
100004455522924
749619296
100009807077707
100006532954242
100004399868993
100004064923416
100002942079792
100000191930262
803637487
100000326024600
100009994776405
100011162378663
100012177549621
100000055821601
100010709803470
100007523444458
100012152437687
100010931104565
100006746381547
100005145969659
100003190344609
100000518263339
100001818983877
100011942418718
100004387211547
100012038140068
100010703980796
100011672696899
100010601685882
641774951
100007863285578
100004131123517
100005989120275
100004461483444
100001786615589
100000065471804
1843960958
614461701
100011858072253
505815914
100009633037697
100004275720262
100004204661052
100001311197383
100003076263308
1073706552
100004025605783
100003998449221
100006641227918
100009505271501
100010773785879
100011707021532
100004044709256
100011875718222
100012065526955
100011986570749
816564490
100003797250199
100009407582602
613423842
100006467845242
100003271754951
100000082416077
100000019791231
100002316448664
100011695244469
100001043403008
100004225002473
100011099045589
100011230381589
100010444069137
100010000186430
100009885123174
100009806896617
100007933789360
100004366620040
100003886303738
100003086746282
100002538506106
100011832870533
100003764972880
1839410166
571051785
100000289945859
100000861620012
100001199786976
100011168954240
100003109624911
100000471416992
100000199714826
100007284078493
100009210079997
100000232401297
100006203145774
100001883335403
100006794080230
1596079800
829473348
100011570776891
100000122014305
1846751717
1788775163
100009666186514
100011656867758
100004027471236
100011426861362
100004683068269
100007046801463
100008113335655
100000117380266
100005370908077
1076610778
100001440866310
100010088383601
100009058849228
100004517798566
100004493794568
1425537392
100000988012628
100004474000394
100009463168661
1823681386
100001439310589
100005723525669
100003933241742
1480244689
100009068779226
100004711206308
100002933012987
100010427851024
100006817038848
100001857047665
100000359063799
100000111213300
100010293153041
100001192737797
100011476868510
100000759092581
100011411067072
1046870730
100007752060291
100003957992395
100000387684078
100006043844646
100008479902250
100003769520739
100004097448872
100006365793026
100003653062268
100009451108127
100006265447362
1627622414
100002189883327
100000107975986
100000042138857
100001361135619
100001888038249
100004207661286
100007342208909
100004039557238
100004488642684
100008791818425
1837585167
100011575140907
100003489537147
100009237252078
100004417236073
100007965157733
100008290712747
100009868264102
100009387514928
100008661483369
100003033737577
100011452986838
100005977362086
100004104523250
100004093177485
100011196998542
100001009402028
100000342290166
100006468039565
100003184839366
100005514640350
713124736
100009018200711
100006693887570
1172134299
100000133335341
100003176841366
100003900355823
100004241491362
551423857
100004100131053
100002925025527
100002891618951
100011364008288
100004890420304
100004601134691
100009885906650
100005500833474
100003822716980
100001612960621
100001289084727
100009937600503
100002193265288
100003974655362
100001872214369
746094054
1753438201
100001976111260
100002307828221
100004588089592
100000045301789
100000585284552
100000295156844
100004403827410
100000046547441
100000835272113
100000050244036
100011203988639
540990051
100004040477745
100011327101218
100005585836510
100011222262602
100006015104688
100000734822647
100005505120535
100009350833495
100011227751588
100011064545402
1653584612
100004606277548
100004297502441
1789039246
100008331189084
100009169380946
100005548958119
100001694615938
100000310744899
1415871855
1313649021
100009296064571
100008693052047
1728918175
100008107841478
100000196806194
100005786203515
100006527525070
100003208684188
100005157761694
100000094905975
100003806591253
100000125047171
100004298401984
100006635280260
100010051786341
100010983947318
100009165140790
100003942473448
100007543069388
100007135419615
1683177252
100005910696800
100010867506139
100009604246408
100000111434035
100010848960457
100005126347336
100008677392046
100005408836282
100001621136056
100010712686690
100001841122388
100010722555622
100010631792605
100009734791811
789928973
1535534021
100010780179245
100008281206206
100004223821816
100008765674084
100007308911318
100001817764839
100009943062454
100010446787364
100000008149636
100005147523445
100000048238577
100003690737250
100000480214427
100005926482468
100005305475101
100010141540717
100010682495203
100005469972513
100005402977881
100006486937980
100008028213733
100005797233605
675227462
100000782328955
100004096236057
100004784881050
100005449156256
100004654239065
100008085218843
100000366790328
100004540117059
100003650599141
100009861426377
100007207090609
100010680815391
100002525457114
100009487966208
100005330854094
1040811240
100001657269747
100008337011493
100010085079487
100009337122946
100010293002968
797351701
100004115430157
100000154180710
100001069868218
100007148050941
716353252
100008306956222
100008248531116
100004363020225
100010258661305
100002729619689
100010377612490
100003053534389
784936767
716997346
100009982876064
100006262202576
100009764613991
100000260254063
100000269609536
100005397225900
1222607743
100004152095449
100006786159147
100004609473022
100006034082607
100004610528418
100010570081144
100006428100609
100002354334546
100000061243255
100000415133137
1673510049
100008260054305
100004563511746
100002774645607
100009381168371
100003505665758
563909486
100010117428053
100010412956334
100000405698652
100005514061424
100002504062871
1704657103
100004332108543
100000289825985
100010085028902
100009964338564
100003818467645
100004105151892
100005925574172
100004036881356
100000749597549
1478977524
100004774933617
100005298645295
100003702058644
100003845398785
100005994668216
100009030732374
100004656546279
100003241422212
100004192175555
100007431044431
100008946373730
100005137864638
100004948320937
100010360927175
100003605050634
678010463
100004867539420
100001839934395
100010156029284
100005377601266
100008579388139
100002992426723
100007709984561
100006047539100
100000501916392
100003204980305
100001832598993
100009441921302
100005507313541
100003674715376
643758396
100009744066920
684987160
100000043209106
100006598961265
100007131074813
100005301240608
100004474211777
100003765125190
100004170336599
529412286
100005925842742
100006238803002
100000362911817
100004911734357
100006527315999
100003318398925
100004109681078
100004279123032
100000849539226
100002667625732
1807512347
100001878058153
100003283282658
100000835790173
100007741659975
100008417529901
100000021988664
1265462008
100001535521275
749999699
100007640528130
100002544874610
100003778947505
100007997774564
1580167943
502134707
100006822846670
100005097936502
613596584
100005162282401
100004048016601
100000237099584
100007119823927
100003539457059
100004680344036
100000172104199
100008198648916
100003028462836
100006410897697
100004082885919
100003123900261
100000108859394
100004998221967
100003878238287
100002239374436
100004914516276
100004570124048
100007114628897
100005214510164
100000357357113
100002754573536
100004046833108
100005023593878
100003764874680
1700221440
1558606693
100008162833591
100009780398751
100000265024741
100004432721981
100007352202447
100009969972854
743558028
100000956181016
100009743598539
100007765804857
100009696633511
100005837952137
100001673753668
100004082105100
100004755252652
100004559378266
1660077859
100000260510966
100001111567766
637456701
100004250195174
606234400
100007927772252
100003037600435
100009426998679
1189219061
100005186918013
100000337549362
100008519403781
100004022530797
712213947
100003763138290
100003787081315
100007552248565
100005359504399
100009945733623
100002985113374
100000146730882
100000077776903
582717409
100005570288229
100000856653801
100005485415550
100003970928598
100009159029660
100007533647956
100005332117270
540505519
100000805404777
100002535035656
100008337693844
100009794190771
1802925051
100006067514244
100001806789278
1206910070
100002111763636
100004294022127
100004986613964
100007696665293
100004089143003
100004893932215
100006712650594
100003892613944
100006408610797
100000136239494
100006595122546
100007799376061
1214367517
100000161470174
1209583487
100000130958868
100008880228397
650898149
100001058545227
1391521042
100006580052751
100000171836388
100009849850176
100004089132797
100003919821844
100004582870434
100000762171751
100000182371029
100004498866403
100003976819558
100008101541125
703486464
1320664601
1514184625
1387025138
100009457846963
100006763653027
100008059156848
100008312412408
100005324833411
100005179121728
100003603372797
100007290640543
100004268563408
100006689826026
100009244344811
100008092543708
100004181558041
100006159342173
100004018763427
1636375756
100007542859445
100003087836383
100005742491438
100004915145836
100006291280306
100007449998647
100008424520327
100000854504470
100008058166376
516808721
100003220302464
100006400440109
100003827151858
100005293658939
100010337251230
1420533939
100000059274107
100000192960286
1178832162
100009441030266
100006276377563
100004145558813
100006229545363
1577577183
1377027586
100007645634537
100006237887142
100005427848225
100001864034923
100004222051370
100009757032892
100000989062476
100009709745776
687696311
100003511588188
100008504381955
100001504574012
100001887224508
100006962109588
100004906779412
100008479443687
100006182203611
100004448075503
714368770
100003036984318
100005615711114
100010196220104
1841584125
100002545747051
100008426478643
100003980859164
100008571527940
100001764009786
100004740789331
100005670666865
100009728672869
100000222748321
100009418388579
100000023173785
100005512419736
100002977128479
100007319348585
100008123771746
601259474
100001368422714
100000074095200
100003276907203
100004446074988
100004347821887
100001477273958
1533123247
100000327586121
100004376221028
100004512312791
100001151249008
100004938541320
662719346
100009480873269
100001131999467
100004639722080
100004326579381
807129112
100003792213795
100006227466944
100003692501641
100002667387645
100002877220456
100005814993553
695483216
100005024168526
100000140108763
100010246353679
100000089360983
100003161588727
100002872972732
100009808504766
100003866856645
1832532245
100004124564566
100002278738780
100004061492407
100003919042328
100008881036693
100000103682307
100005016100318
100006221620764
1822098265
100000112822262
100006226804290
100004581906309
1287925033
1681175707
100007222501972
100009955118860
100010255080595
100010245784660
100001464953431
100006502416767
100000014401980
687568024
100000010981644
100000020212618
100005585204615
100000202990890
100008027131436
100000296624152
100001677534224
100000700537276
100009288305491
100004093295062
100008230747259
100000744256160
100006432703971
100001732467958
1671383902
100008281330855
100005601674010
100004494971541
100001290437416
100000507009194
100004033525727
100003909974696
792213689
100006355453958
1790586060
100001463727716
100009723601078
100004755998607
100007496657131
100004242600348
100000437022096
100009311549639
100006681666856
100003963224456
100003846470565
100002422237157
100001902502710
100001336852024
1844344990
1230274297
604794220
100003531080881
1739328887
100000710148776
100001617295599
100002521055148
100002859024040
1102669065
100000106765730
100007780542274
100005072942387
1713352206
1579710990
100000067032557
100005191831394
100002814902582
100003899185821
100004148617674
100009858037191
1003923837
100009155621403
100008206694581
100007567656566
100009702702820
100009551474616
100006044580856
100006472703233
100003821146503
100006368340339
100004157888919
1835514267
100005571067299
100000156712755
506070909
100006853867257
658799820
100007867394711
100008189233397
100002645674308
100000153784982
100003830446473
100001656855839
100005894076033
100004432053743
100006025950509
100001565922663
100000395726334
100009437512791
100008134170842
100004951475628
100003912835282
100003773711093
100003115001542
100009629916376
1512583364
100008288928573
100007996022475
100009545359612
100004396111407
100005306418454
100006247872304
100000433969112
100009592427359
100004256676169
100004119525326
100009494289659
100009467566656
100009441011095
100007128097316
100006365825583
100005413749781
100004267293704
100004125018609
100003960642758
100003895233162
100003175235573
100001676936841
100001411230769
100001147512263
100008210130795
100004765928061
100005911091296
100000958471129
100009583177111
100009257857763
100005839420132
100004447655407
100004440103443
100000435220555
100003571037773
671086271
1163679083
100001150546704
100008514793837
537402845
1300428185
100000176880180
100000425533652
100009515659335
100000550708502
100002643732716
100003646991518
100000840997214
100001735868577
100009059601920
100001396710409
100001601751665
100009038460543
100004286977704
100004179030680
100008813138973
100007511354616
100006380468899
100005652129574
100004520167744
100003148650875
1244325428
1236213770
100001528083683
100005110833648
540860663
100002995618037
100001610119710
100005321138717
100008976122931
100008673518664
100009664359486
100005389575452
100003016078755
100005003076059
100008273290248
100000062100346
100004485067168
100009096045972
100009359389538
100008442788385
100004598375534
1429609612
100000089938584
100005884143766
100003188908307
100007757742929
1383928707
1195874803
100004074198500
100006922176271
100009328324895
100005860001389
100009363621464
100005964035653
100005431141683
100008256971850
100005043582415
100004030253887
100007667081699
100005822012336
100005980004154
100003795669058
100006825829245
1439419458
100000273540199
1447947862
100004333352911
100007053461065
100004845123290
100006434712532
100008447803385
100001646715855
100004743214604
100003975535806
1080021040
100000186764899
100008748842828
100004102063087
100001855546348
100008512692955
100006700277604
100006487465930
100004485224353
100004401973942
100004169022147
100004043903066
100002941249459
100000761114573
100005729195353
100003387961185
100001674290516
100000214651518
100000020002935
100003317370314
100009547474338
100006303795100
100005158441328
100005084891016
100004952982315
100003191992162
1606020810
100003235690498
100001879018525
100000152500084
100001932619028
100007277582795
100007251372913
100009220377009
100008272039327
100008115732833
100005928618059
100003993615459
100003986251304
100001556633027
100001024844205
100000360998582
1120742409
713988164
100007217205317
100004144744791
100003703170197
100002749898104
100001461164626
100000090934493
1655570753
100008825190924
100004079432275
100008743864468
100007505469994
100006714377053
100003247560855
100000983661697
585920525
100008633357662
100006582883297
100003937265127
100000188046694
1243667268
100008375983860
100005663138261
100004474026952
100004130922246
100004059800565
100003081952071
100001796386830
100003856812358
100003742911299
100003493204656
100001008354005
1789929670
1335897097
733366805
654801768
100008530996936
100008251808140
100005274395245
100003755348047
100003384533960
100003081014411
100002728410190
100002093204007
100000380273261
100000329793462
100000177307801
1809134106
581672193
100009419563415
100004588548655
694458978

