84968006060
84969807555
84947666951
84986862882
841633089774
84961616222
84983321583
84984811666
84906131086
84983914583
84989292576
84912699039
84902235553
84946268863
84988884818
84983112681
84913463799
84984813868
84983927486
84966968896
84985865885
84912742577
84938331468
84906288085
84978807808
84985211087
84965408840
84975060388
84948021087
84976961091
84904125281
84913219692
84936689393
84973553355
84908202011
84965365336
84917392927
84975272289
84936328222
84903427109
84982932386
84915522678
84983818168
84936624889
84973542543
84944374567
84946523333
84932010787
84973603652
841658879588
84967588585
84928266588
84913577055
841699646668
84984235186
84978231666
84904114598
84975630000
84987826409
84906144555
84943686188
84983884774
84969582868
84987062668
84982128638
84975759429
84976598198
84979618988
84976125521
84905974331
84962062086
84977227196
84906556676
84902238786
84912998299
84949801991
84912101927
84938822236
84968141186
84902185482
84986949119
84983310880
84933663686
84919099229
84988344621
841669119999
84913222286
84913533327
84923402468
84982999982
84968303378
84988711494
84916131131
84988889229
841635869999
84912174328
84982612113
84964812288
84966286663
84938529663
84976880019
84988464768
84916524236
84976486862
84973380809
841677713555
84988719444
84968733336
84971054888
84989366586
84985985975
84972107693
84934148888
84973632889
84966355231
841655351655
84931652786
84986112035
841633787622
84965231084
84984338178
84914322091
84981234404
84977966986
84987944944
84978765269
84912082432
84914486288
84912656136
84983180873
84983560682
84936301963
84986922889
84986281111
84963505140
84983791088
84986267383
84961161168
841632697777
84912852950
841649725433
84961935594
84968184481
84966583838
84983000338
84985555065
84903287193
84963310312
84912224648
84989523532
84944888297
84982172279
84988838303
84936376900
84904076474
84977089238
841689338615
84983557681
84913035209
84949599898
84985322860
841685929228
84979512888
841282133403
84912061797
84904393688
84967898788
84936219951
84982020818
84969291808
841635591477
841672711212
841636392810
84966136033
841689903823
84938930866
84963478147
84963216817
841669233918
84912341890
84919927572
84906150304
84989151664
84969070555
84988999535
84987231981
84976213507
84995309045
84974657111
84986023886
841287125823
84933538183
84915665459
841659573888
84984333386
84986677989
84963849086
84913383480
84969159014
84913228885
84904191486
84984952930
84965642524
84913207749
841673368573
84977829899
84984575922
84963041991
84963041991
84989353628
841639518405
84983726733
84942112339
84965234829
84986890925
84906367846
841669834559
841664621919
84983578846
84915450034
841214286666
84169690197
841696901971
84983465053
84946648848
84904655488
84904628629
84984423088
84904035684
84975854583
84903230576
84909446448
84977843973
84919706068
84912141863
84913370780
84987558893
84989322668
84989313868
84939862121
84988435636
84904137305
84967172112
84934212628
84904078082
84904339049
