84977158968
84979961666
84906287855
84963868855
84963868855
84989835802
84913903209
84904862285
84963623246
84948282222
84912230325
84932328883
841222555911
84939299616
84937381989
84989800583
84912349341
84903814002
84936399333
84996090909
84984811666
84935689898
84971699965
84977768868
84967849989
84989496989
84906290178
84912084157
84976246363
84986628755
84987497559
84986620666
84904816618
84912174686
84974729933
84915612260
84972800008
84968333020
84932500000
84936796588
84904485968
84904888587
84985828889
84972241084
84972323432
84977591389
84904685717
84942186465
84982051224
84904111119
84946819999
84904381886
84909736789
84916016182
84948256456
84912429212
84985653653
84962280385
84908202011
84915173183
84934568704
84903014098
841678669966
84945570661
84988386326
84983933883
84908646886
84902016651
84984661888
84989387976
84914868869
84943333609
84979097333
84989130579
84976818386
841664911111
84904797969
84912681791
84976092011
84976300888
84938987677
84949321023
84967378889
84947338833
84934791951
84905998648
841242034577
84903239512
84912722622
84961868986
84972466579
84979644326
84915672221
84928266588
84985182737
841632131986
84903453505
84904887366
84982933033
84936418899
84913096536
84904160189
84939861111
84907475689
84915244456
84986228386
84982816856
84987648302
84905125782
841289499555
84986980666
84963257779
84984293177
84902327777
841223392054
84985202383
84966968405
84984489989
841682002789
84908742758
84904008209
84909979638
84918420570
841222461991
84912781569
84989647569
841273998999
841292428102
84985328666
84908533316
84983883623
84904179669
84904277299
84983386862
84976079820
84914455454
84905027453
84937329986
84915523325
84903663388
841235578910
84983614984
84906263583
84979438834
84974082186
84912236899
84966633689
841646728292
84974999356
84915159898
84962170688
84967966969
84984292113
84906229676
84914272327
84902346464
84917596969
84934999999
84975113267
841653249302
84976108108
84909751068
841639293954
84983835837
84973341368
84904247580
84968205486
84988655692
84913913565
84968323575
84974244199
84936009097
84973251089
84987019998
841684721568
84978354896
84965858886
84984941668
84975944261
84903846888
841262274981
84904640646
84963643333
84963643333
84904566388
841628011988
841667554258
84963114688
84963114688
84967878789
841656788789
84916280180
84933666369
84982363668
84919385363
84944001656
84963055111
84963055111
84912212233
84913513315
84968205487
84918531934
84936138788
84946448788
84974946861
84988344621
841696411411
84984595656
84917170077
84915686883
84916105123
84939313199
841697196676
84945241085
841288046789
841699984656
84915686986
84989963307
84974977209
841234599920
84918008383
84923402468
841675345555
84945007400
84904839222
84902296117
84935771579
84982433456
84977089268
84901000379
84906434310
84906248444
84985557879
84969272027
84989341178
84947912338
84973932806
84979329826
84918778474
84918004960
84944368789
84979338638
841673401579
84912521999
84942174018
84915625789
84905403744
84974746891
84983232320
84912250005
84977612888
84968449666
841677575353
84906623314
84936367657
84983842332
84903380809
84943188779
84973380809
84916535035
84915592669
84969055591
84936757834
84974240559
84967386123
84938071654
84932816164
84964939770
84912666567
84987896060
84942535345
84984988997
841647521665
84965006005
84916627570
84977893589
84939896886
84978750140
84975490665
84965353556
84912396244
84918821784
841697859999
841223311992
84905250225
84987177234
84973703307
84915154565
84987850636
84973752803
841647154328
84987404356
84972398333
84912402435
84912108082
84977384379
84939001101
84938220919
84949834835
84931577795
84979737104
84942556569
84974389670
84976757566
84918394214
84977966986
84962303868
84978765269
841658919866
84912082432
84914486288
84913574748
84987035652
84973218209
84943203035
841629175554
84123910812
841239108129
84944241596
841672689555
84949063388
841258691346
84963284123
84963284123
84988031979
84918773883
841654793737
84906297906
84912103155
841659240887
84946584584
84932255225
84931668898
84946199999
841633633562
84985800787
84912999004
84905511989
84965026968
841635456666
84988798086
84913342700
84966190528
84988885161
84962029888
84901181086
84912100133
84986058889
84913122102
84963869969
84963869969
84964308911
84934386685
84906051179
841649654180
84948943333
841234848866
84912324666
84975496688
841698989716
84984812678
84915657992
84969120726
841215404029
841644242564
84906919250
841672852999
84904257583
84987187656
84985635555
84982413488
84936689977
84943640668
84901744605
84907017423
84962210309
84982884266
84962590340
841216131980
84912555066
841636358909
84985224636
841687784005
84912366279
84974366889
84944665555
84917357769
84984093088
84972445301
84979678556
84961522785
841672969460
84934627577
84932318389
84969606091
84905756996
84915099999
841687063881
84909288629
84934566797
84972657201
84911971345
84918348866
84977539360
84944424288
84905009999
84963063306
84963063306
84978384107
84986868938
84903211121
84912431841
841674040816
84908895383
84906367739
84966061291
84977321824
84988838303
84963796868
84903742369
84987723388
84982291839
84976241111
841638676309
84972879784
84902637536
84903100156
84935634436
84938189986
84912157902
84909928868
84935599559
84904076474
84902252444
841233121995
84903180889
84982332552
84915528859
84977902266
84935778898
84969943785
841682200891
84975577218
841678983399
84974762592
84905868268
84989756658
84903662020
84988176384
84909708989
84944668338
84976668888
84934345866
84907077663
84945676007
84903568889
84963638998
84963638998
84918800554
84988329889
84973202503
84986204692
84915122313
84942888871
84913800633
84983879663
841638769979
84904134884
841686103333
84976603591
84948767626
84907413839
84972361179
84904969989
841654182666
84974766468
84942139998
84986333083
84913343466
84934130288
841266414514
84916877977
84983939652
84904520683
84979175775
84933330396
84989199233
84936100559
84903269372
84989264668
84943191934
84908902891
84944620309
84986955417
84916033759
84979581617
841637269066
84978488489
84975519729
84963110196
841654222195
84988888558
84987883233
84986844058
841217794187
84906721882
84975594405
841628509381
84986031286
84982987599
841632338888
84913311088
84905442346
84967626253
84903431459
84988788966
84911516516
84982008866
84967294270
84969231599
84983850988
84907484736
84938547290
84916558188
84986986287
84932368139
84965843111
84962134444
84972868631
84984943244
84933022088
84912956598
84912305742
84985910861
841212251996
84906021019
84903416246
84903433316
84936489836
84934664068
84915179769
841659014977
84982842230
841693999111
841692497339
84904100821
84989220257
841264060001
84165369437
841653694371
84932244575
84913665351
84986031031
84903664440
84919554245
841296043888
84963300466
84963300466
841645245555
841693249271
841666439848
84934583777
84966668609
84989164746
84933168370
84947170788
84903437369
84982729558
84948228699
84985899653
84934199222
84969929089
84935513888
841672023880
841246541834
84986566665
84907208529
841234413813
84989732988
84962922992
84983839759
84932300707
84904141308
84938890869
841696645230
84904081085
84915999680
841667511518
84967528979
84902288118
84986023886
84986665345
84963919855
84963919855
841688867597
84912580627
84903942984
84908926065
84986930482
841868784437
84936216567
84983854036
841689442189
84944664562
84983901398
84961681974
84983458555
84903516825
84913027375
84968120789
841634259365
84977188199
84942442323
841238441556
84948858359
84985857586
84912566363
84989344787
84972200999
841659573888
84936194194
84948333700
84986191225
84966475555
84905029069
841659277121
84938865531
84985215588
84943620618
841635492471
84965698090
84969159014
84919387413
84967893671
841668017286
84912266321
84969243078
84943510333
84965260222
84972629514
84989121928
84968505265
84965029333
84913191719
84909363738
84989951202
84902780828
84967318386
84936656545
84918218663
84169505526
841695055266
84937271989
84969794312
84987200088
84976346886
84903211124
841689941582
841644917777
84913207749
84979742888
841655998893
84917050568
84973894994
841626242415
84986833728
84972859984
84985416343
841688084332
84986962255
84985882189
84944995991
841689954530
84982129504
84915460608
84979000831
84961195000
84962333332
84949798866
84972446688
84966956886
84973500945
84904872066
84972551836
84918118193
84914906860
84902069369
84966826996
84982383183
84914462227
84976320689
841692316810
84935925295
84975302848
84983581061
84906887887
84972183064
841259618433
841889563755
84914129456
841688477262
84966217889
84937009366
84942548548
84984888775
84934814555
84978224594
841234677899
841682360086
84944486060
84936584802
841664858585
841673388888
841203860703
84934081803
84982222668
84913022648
841629656883
84905998575
84985739586
84902368568
84963731114
84169500150
84916000713
84933001001
84169492999
841663026308
84969928923
84949763868
84914376463
84912762536
841289003458
84913426386
841663878218
84988396668
84984589692
84944191169
84961585855
84916649689
84938910169
84913282026
84906866603
84983578846
841207881689
841268237368
841695406529
84949338896
84981509089
841255655558
84913541006
84915450034
84983373566
841632470386
84902024055
84906265959
84968586992
841265278892
84968158625
84942918567
84965780138
841689238183
84919724479
841677890493
84983130189
84901233605
84964207006
84967783501
84985281630
84986999339
84986041862
84973495083
84966368360
84946648848
84906033668
84903251368
84938584280
84986866755
84912006517
84974886628
84904344934
84976860676
84903230576
84914002468
841666789789
84904806776
84969426969
841218868862
84962158833
84903239698
84913213384
84976850865
84989660555
84983305285
84962165555
84906059828
84914131987
84907345555
84918634160
84987876789
84918203418
84944888889
84904074353
84962483993
84914836818
84946140289
841252866789
84968216889
84964858886
84978512288
84906200292
84989121991
84979505692
84915011717
84989756563
84983938888
84903204303
84914363629
84985435345
84975061999
84915959579
84915688986
84904756868
841234552891
84987262858
84988953666
84903441688
84973419339
84906060982
84966889455
84967172112
841669796996
84904844845
84989598570
84912154275
84944149988
84982872887
84983041185
84948237398
84123242434
841232424345
84903212511
