841688868585
84942251086
84988300442
841674629080
84948155066
84988779863
84963438333
84963438333
84963062681
84963062681
84981863888
84936471473
84986768798
841683888882
84983183580
841677559218
84983374758
84969879686
84912759599
84974046663
84945338866
84902188638
84982575768
84913838389
84974461535
84975849777
84902123893
841222253760
84977950030
841694705241
84945866863
841684451500
841649822627
84913329144
84981636536
841696269640
84902137782
84905388514
84962951188
84913287876
841657641804
84969875963
841683760380
841683866313
841689188308
841684143655
84961901901
84962546816
84976184044
84962289298
84932547419
84968688832
841688566238
84946283888
84988312283
84984186969
84973708288
84984348810
84916262865
841675619873
84969612993
841676156315
84988749591
84986569898
841655249980
84965408729
84988610689
84989754892
841667543284
84973221105
84973380809
841663689192
84966707322
84962581851
84977479416
84976935294
84964971131
841647521665
841666184599
84914152125
84918642623
841659999708
841698266134
841252999027
84974808612
841659974487
841648853856
84983934217
841688080040
841667789866
841639261016
84976232095
84905803258
84979941629
84947506266
84945507694
84984247143
84973821548
841659730389
841696801926
84944721111
84966655448
841629039389
841678769213
84976175118
84986512102
84986045133
84989340769
841653416975
841682803510
84983501475
84989607593
841687394659
841692357555
84984828912
841675951809
841655169192
84943777957
841687563268
841659004956
841682726569
841669422994
841652001580
841668112049
841628655803
84982829413
84988669933
841672073985
841682018433
841644779012
84988469645
84962138156
841677864432
841657370708
841663848594
841696936309
84968752095
84978858703
84972293658
84913900409
841699707226
84912269274
841638804292
841697119881
84908668262
84963574956
84985709969
84948585686
84965499360
841696485071
841679692796
84963421592
84966237787
84962488875
84977038909
841682966130
84913026574
84977510832
84963694312
84936096242
84969194119
841282261093
841659343882
841657611885
84912289773
84979219816
841679340537
841679911216
841638740012
841669340121
84964992998
841662179183
841666404927
841273746123
841635598981
841688608197
841658181039
841692375949
841699133656
84966628006
841696653155
84904395521
84989097925
84983080809
84947008066
841684282377
841626903557
84972459362
84972431903
841669792128
841633421971
841636882790
841644146284
84969382832
84904156200
841234420852
841686108003
84981466025
841672555187
84965280500
84985562299
841643556117
84985169407
84966340001
84965505702
841678541572
841677544897
84985686620
841669534983
84963141835
841693784548
841649703610
841639893572
84917888696
84944466599
841653210289
84962158697
841687302748
841694972681
84904230741
84984850495
841687700477
84974462593
841683598920
841682782331
841627080738
841652562927
84968701855
84908671492
841642945948
841673659251
84984275230
841628515349
841673034470
84974027083
84979226833
841696377805
841232715619
84936668588
84165313688
841653136884
84904954684
841673944857
84963478147
841684065203
841672913833
84984724164
84932335723
841626798901
84983677588
84983969940
84969419644
84979031997
84971761593
841665116465
841648985924
841663288308
84978800691
84169622185
841696221852
841687458697
841682615743
84981247403
84936357808
84965278508
84943361455
84964470932
84965336522
841694722258
841629504259
841649797890
841642248737
84908928851
841683854655
84979301184
84946573964
84989355612
841225365891
84916393256
841684362388
84963987722
84963987722
84966146912
84967518863
84936447595
841654800941
841662733456
84979421155
841699532571
841633155785
841647166202
841677254537
84984088023
841688115082
841653043431
841649624135
841638285701
84986167581
841225934219
841663545656
841648110125
84964349254
841657830425
84972228941
841658514212
841225297690
84947637467
84984933945
84912444682
84977116760
84928484055
84941359871
84987960355
84973495668
84979711069
84983881843
84963488345
84917755118
84946789884
841632326832
84916265040
84984831602
841699478307
841678483148
841655330667
84949772823
84933448886
84988278226
841677174347
841627220268
841294917364
841258847762
841676435614
84987244362
841663340116
841687926678
841634175431
841204125332
84903883612
84967690391
84963888190
84963888190
84123868833
84949647243
841665013365
84909667095
841657357762
84985932907
841676780990
84988926520
84982844693
84988102753
841262146619
84989362221
84984487981
84903649737
84978716789
84912119009
84913076379
84916564683
84903213767
841236831919
84913028354
84913249683
84914660005
84913343285
84932383885
84912336633
84936999916
