84968896482
84913570404
84973000989
84902091072
84912091768
84981203989
841683334381
84988757559
84913521147
84915969769
84967588585
84973747104
84982091078
84904826679
84983259772
84987853333
84939683333
84912425267
84972775668
84903017775
84938678687
84939931113
84983849499
84963266899
84963266899
84914947979
84983121698
84934655550
84913527580
84986783866
84971054888
84989067179
84938666661
84912421991
84913388665
84977346888
841272996868
84989065683
84905465888
84983351715
84905062222
841677788999
84983313283
84913554245
84963216817
84963690813
84938293595
84915234686
84945577885
84988618068
84912138587
84976742222
84913358079
84985881871
84977999389
84982883137
84948834476
84916169009
84905550099
84968070786
84983090477
