84919656669
84946260288
84942686688
84914885092
841233278910
84917291158
84983835995
84936796868
84937559988
84976289567
84902201122
84903338785
84977472479
84947365995
84935815333
84983740379
84984284048
84902189806
841653539239
84919708236
84903425522
84983741973
84913321451
84933521987
841636066666
84943211990
84972116688
84948709654
84919469088
84904557700
84943606468
84918000080
84989337986
84912340842
84976809638
84935580000
84977666591
84903403959
84972956868
84983156668
84903407659
84983886869
84987889189
84962077777
84963063333
84963063333
84902026168
84963423311
84977173678
84911668686
84983032439
84913020225
84983351009
84914018898
84906443088
841289810957
84903483248
84948488092
84903825582
84914627777
84946392298
84913078302
84915789999
84915836688
84983011083
84969191030
84976118187
84903234071
84985880880
84933383116
84904528661
84904044988
84983088234
84938329679
84946158777
84996090909
84934679367
84966029999
84934682880
84989193770
84989321688
84936146491
84943457882
84948259986
84904512222
84919812788
84997397979
84983323481
84932360000
84974106866
84913220403
84912002456
84963663690
84912731818
84932861983
84903467135
84979066225
84945966298
84973380535
84913223389
84983200283
84985366433
84966885588
84943571666
84963276761
84933404066
84977777676
84983464698
84912045303
84904234347
84913449905
84903212480
84988555789
84934896989
84902145959
84926559559
84983131386
84986665753
84975555516
84904833863
84988884818
84986223618
84903412466
84906070289
84969032696
84904231353
84936497989
84989991812
84974386639
84982868234
84942302881
84988840197
84983999468
84986872011
84901779129
84906648698
84943879277
84941491500
84904002911
84901043388
84949992266
841234999868
84977336779
84902686626
84961986686
841664391268
84915999968
84968908225
84976156999
84912899999
84904815518
84909971198
841223450437
84913534093
84982596598
84905778889
84915804368
84903420086
84915271707
84968860368
84983380924
84983421882
84918521882
84909597575
84912486227
84904485968
84917691311
84944628568
84903442227
84912082809
84945952222
84913588171
84976241368
84982399999
84972799999
84975678396
84939281291
84933476888
84986418868
84987241192
84962257906
84904182879
84986956598
841642605402
84935164368
84912993468
84904564440
84986885151
84915605283
84978305851
84987909868
84936241113
84938911933
84912423306
84905669668
84987386029
84968383333
84968836666
84916820918
841666225588
84922588388
84904221228
84968421805
84903451274
84982911511
84913022966
84918874558
84968239966
84918486824
841636244725
84902048636
84984584798
84904111119
84913545103
84985370952
84983639396
84912888868
841673333995
84908654688
84949556779
84903223364
84913218448
84908597299
84914608420
84908799997
84924000555
841279798286
84986796666
84972666666
84985415558
84902290211
84968079224
84919765788
841687527079
84913342468
84945563630
84944406879
84911318888
84973528528
84947894854
84913535239
84948129456
841658222271
84982023008
84916040489
84971036036
84903426869
84914806776
84986789365
84903232528
84909001594
84916286166
84985552979
84973081586
84902472219
841233888655
84906268113
84908999739
84903400230
84967449389
84968266724
84984277157
84983366799
84918762676
841692397669
841652580003
84965522333
84912269968
84903698718
84904907903
841222211221
84903400488
84948231290
84906142330
84909091970
841235851991
84914383328
84973799799
84983941102
84913203456
84906027493
841282166000
84913526480
84905512055
84902650006
84903442444
841638595819
84903906733
84982615255
84903907789
84985673916
84934534839
84915199922
84934555242
84942370303
84982726236
84904744444
841647504748
84907826115
84985722998
84904939186
84973249999
84902002200
84913206393
84947928979
84982295886
84913320999
84918716868
84984952486
84965522146
84914346364
84974713670
84942888847
84902779310
84906310311
84987413558
84905107228
84933888809
84914635999
84982617253
84966403555
84918875555
84903530123
84917902229
84912263337
84915591977
84944280272
841248388288
84988772064
84908824785
84947067979
84906129556
84901539123
84904507768
84986268555
84919436789
84982301187
84966776683
84979694085
841656713601
84942133033
84918361377
84904071177
84902437998
84912485018
84936909497
84935766088
84986002318
84979951307
84962080886
84937553504
841687567324
84902278828
84979866966
84943482068
84936656696
84909087598
84916185588
84916050403
84904604268
84973105085
841642221686
84988165116
84972382540
84984914491
84986846864
84982661089
84919769269
84982105031
84975655995
84934346888
84915149666
84983525385
84966099066
84935180889
841676901939
84913236461
84984856666
84903751619
84977338899
84965117477
84934617088
84903420446
84919829262
84979793388
84904276445
84989002222
84903383323
84981495858
84969290491
84913255531
84913201560
84916181818
84913207755
84973211290
84169308898
84971623555
84965362083
84936519289
84934399166
84973876333
841684649123
84962039796
84982991558
84908000880
84973614345
84906007017
84912968586
84932657660
841658004011
84915541899
84979644326
84936282781
841695859999
84946101059
84901770555
84904222232
84915669986
84935987777
84938766988
84936476883
841682066287
84912888818
84165395479
841653954794
84978343838
841644353476
84973288353
84941234420
84918948080
84902000003
841675355167
84906116686
841669418009
841684926757
84904658971
84983408910
84988014597
84935231991
841277110011
84982046986
841663718888
84904988958
84947776667
84912817098
84901904567
84935886866
84907058588
84989423268
84912056256
84941411936
84968488835
84934220487
841216787878
84944267252
84937666356
84968338686
84945299262
84904901988
84961283080
84949046320
84913732444
84986083354
84915808088
84975240427
84983671393
84913302112
84971467383
84945403304
84932289866
84988919140
84965555232
841222222102
84988594497
84982642377
84966555758
84973747104
84903121710
84936687452
84949502666
84944091284
84973789739
84913208584
84904707668
841693631434
84906035757
84983645578
84969956566
84937821144
84946558686
84988507654
84983038689
841247742222
84902262859
84963801383
84903463200
84933915834
84989056080
84968655500
84932320770
84977087649
84986100594
84916280888
84985112987
84904649729
84965892950
841687233342
84907241983
84966806663
84912391237
84974831960
84985509934
84978868214
84961252368
84983041193
84936115699
84904368191
84964922876
84918817879
84981339808
84912860384
84986666619
84903427887
84987777794
84976602029
84966611513
84988866169
84904110066
84967868831
84984800849
84962829922
84972769999
84984999996
84908742758
84904993333
841642302353
84973449435
84906231692
84987166868
841222223679
841674539231
84962889289
84906889386
84982929886
84986825491
84946255090
84975939999
84969274866
841694690694
84936484512
84973614267
84973842235
84972345368
84963025885
84963025885
84982128638
84918445943
84947199699
84976536770
84987279926
84971178786
84981199855
84903405275
841678999881
84973394862
841234132123
84906300389
84912422660
84988885887
84948884888
84903454545
84926135678
84961655556
84934455093
841675555781
84983603405
84912144112
841297667799
84977775858
841688766542
84989551696
84936639191
841667582615
84963636358
84963636358
84904061991
84903429070
84902202222
84974125456
84947749108
84979869123
84985679833
84969248666
84936163388
841649602860
84915496666
84982216868
84963911687
84963911687
84982745631
84938465456
84933062646
84906186565
84916982223
84986632314
84988415555
84975667566
84966608880
84903555431
84904664667
84977585344
84169656922
841696569222
84966868833
841299884477
84942600708
84938315555
841272406666
84972520270
84971700292
84986699109
84905663262
84916598939
84915431981
84918718386
841686400647
841657626511
841687032719
84983442653
84985793968
84994616769
84902199298
84983423456
84984034068
84988674725
84986990708
84989267428
84911489999
84915588679
84983300923
841639239566
841222226764
841692374888
84919374888
84932270279
84918011393
84962909902
84903333309
84916646068
84912231196
84915681291
84989536135
841649586850
84983445163
84938298686
841276736689
841692400111
84967903956
84996173910
84905675505
84913222021
84905062646
84935050069
841689962915
84915114666
84904443664
84907339986
841636696699
84904457288
84988999669
841674092283
84165652089
841656520892
84912054534
841699831832
84963958886
84903708128
841675602866
841698751834
841203359635
84966938118
84908842399
84936795454
84905645678
84917736690
84913291194
84909592283
84968558579
84973353067
84985445443
84988966685
84906870779
84917682333
84903475556
84913512188
84903269669
84988579136
84908968687
84908726084
841626026618
84975336364
84932080568
84977878267
841653520474
84912309404
84961863866
84961411140
84939208602
841648408421
84906288688
841684376489
841658696790
84912379025
841677292671
84943399134
841237362222
84944389910
84905987212
84974262230
84904888894
84978966609
84902825079
84934499943
84911053015
84977975995
84964721291
84935495494
84913999594
84943153889
84969391991
84901002006
84933777844
84949275885
84972876564
84974988553
84969596032
841666516688
84904844768
84985857686
84942222910
84911086222
84906072868
84904076356
84909262677
84965209709
84905407379
84913596999
84964817955
84969987992
84985182035
841674528069
84901777369
84943469883
84989398363
84903009568
84909444686
84904139989
84985878672
84932227718
84945689922
84975566082
84988891964
84984989126
84917558879
84916839922
84981862699
84964662209
84917363756
84912965252
841655255773
84973811199
84934638345
84934568875
84972987789
84944749889
84976849999
84971526118
84903404163
84949801991
84978355466
84904808668
84966325382
84935772929
84904138284
84979450745
84983119182
84989331910
84979043099
84948002352
84973908116
84963908868
84967305055
84912158281
84969755207
841657964195
84936611666
841674104194
84962292779
841698855105
841629905770
84964683162
84983020584
84949156272
84916649845
84901778987
84906628005
84973559473
841649920686
84983654575
84989351111
84989087786
84908509085
84941489899
84913568869
84934445228
84982889266
84944866661
841682090880
84987235893
84906893222
84915753899
84989127638
84972206697
84936830682
84944462472
84967817576
841204056989
841685360173
84979013053
84984463957
84936387111
84938152999
84936906250
84989082938
84974352514
84976277222
841227066789
84938045001
84913247766
84963875885
841666127568
84989763758
841663848564
84975215888
84903528106
84918882169
84909764555
84986881358
841636055194
84962628517
84979220246
84913210586
84988593845
841644699896
84961141985
84917974685
84904899559
84904229989
841699345465
84902361931
841669075076
84919268888
84969188568
84936656688
84975392978
84987994963
84969288383
84982325289
84165621173
841656211736
84974358186
84984499809
841675466628
841673345793
84941918904
84932323776
84935558345
84968837896
84987568409
841662991855
84916626888
84968836469
84908926886
84913918374
84984247149
84916020961
84948612345
84938343537
84913929003
84983826603
84986881493
84912415777
84943636869
841278484666
84983989927
84973727805
84963452882
84963452882
84902494769
841684180278
84912140480
84908612555
84913300787
84905992062
841699411741
84978114858
84908807777
84965499939
841693787842
84985999863
841663931694
84913865189
84916883579
84982653650
84973293329
84936858688
84972560983
84966239669
84978412382
84913838797
84903823979
84989126126
84967010696
84903271919
84984314888
84974386905
84984563154
84976694915
84972445099
84912304993
84913583493
841686330972
841644930147
841659325320
84947941616
84975004739
84936007676
84946637888
84965302393
84963396862
841689980764
84949106688
84904965388
84985851112
84169682734
841696827342
84903857369
841277715777
84988051888
84903423334
84917401002
841279621217
841688659955
841663788684
84972911348
84966661679
84988751869
841665556308
84988643115
84973766733
84912341985
84914868888
84981115267
841257114880
84975707979
841696815225
84948329391
84942850055
84989712492
841695231267
84913007070
84903450145
84985981188
84983286303
84933128788
84913359181
84987608400
84905485292
84905765235
84947891889
841264611921
84988316198
841689991407
84913223056
84909689898
84979077559
84973681053
841666631688
841215285081
84906398399
84982653853
84979028162
84986638663
84902028788
84973756269
841678876816
84914772666
84962015888
84911909866
84968462626
84988622752
84903443757
84965916161
84989088985
841642863108
841675345555
841649637940
84903451268
841676246564
84973874986
84946868865
84965166888
84989682699
84969880908
84966665353
84948558886
84989607337
841237396879
84988759099
84979858880
84944888898
84903464433
841627262895
84983559026
84912581115
841692414429
84968849846
84969541198
84971358386
84983228745
84903447443
84973965747
84903908755
84949158668
84965929132
84988607732
84982527487
84987987639
84979816539
84978505886
841293769752
84903409298
841696486673
84985311229
84902076688
84948866379
84973676720
84932765991
84983285679
84989082358
84903846999
84912356886
84903406864
84912228831
84916459898
841696524427
84981217339
84902175237
841677345886
84932953555
841652351010
84974040206
84976193896
841644359507
84982095029
84912069138
84911570808
84988964000
84984561996
84913488899
84935116362
841649776152
84932576702
841649565152
84904524524
84985118233
84982533590
84983777795
841636688879
84976629612
84972066669
841694748498
84939915978
84903218453
84914073311
84919268833
84904790515
84912234235
84981156888
84988443426
84984718308
84916554554
84919481395
841697066709
841656465995
84961048336
84971895698
841668591604
841666595676
841262187893
84968259999
84903779655
84963801130
84963801130
84982100001
84964286892
84979164566
84978775199
84913000666
84932260390
84983958969
84976596666
84943425678
84981031688
84969866655
84904345625
84906912769
841294151194
84967891626
84967440991
841655064166
84932680270
841206241943
84912625256
84979650823
841629316296
84977045788
84936181199
84963211423
84919527124
84902826123
84938038393
84936506317
84967103968
841658313353
84969814435
84977536669
84968267999
84904414017
84913372894
84902246777
84915272333
84913217589
841289018824
84965389983
84988739969
841232211979
84914775345
841292222886
84983763213
84986989911
84968792194
84912134628
84975530556
84981937777
84913033412
841676063363
84986111246
841692258559
84967763964
84975168403
84914566886
84984566886
84989103515
84919806338
84912099777
84986758693
84968204382
841246808725
841645258883
84945674935
84988128128
84913516345
84915436996
841664868645
84973513037
84975375889
841234566268
84985726868
84989288298
84986699019
84989665122
841259975808
841224321565
84967667666
84977026925
84977320345
84969212331
841284842222
84948412098
84933530633
84985009305
841663304118
84169392525
841693925253
84911833673
84936536720
84919168816
841662522944
841685043013
84903474248
841639532117
84947233403
84978800231
84983904585
84975938968
84963288116
84963288116
84913470470
84935903879
84977423455
84913095249
841682040688
84912031343
84982912147
84977427705
84975978865
84973050117
84909218885
84919267075
84932446417
84978741561
84913693899
84969240411
84975819816
84977883799
84169277814
841692778141
841652195159
84905388642
841697554304
841273720690
84944029209
84936125066
84979071661
84985043445
84983075319
84965288859
841205899909
841689375852
84905868888
84935038083
84904137899
84916869687
84975705992
84974512368
841232149829
84916228227
84913308686
841638286346
84982128692
84977658167
841656109398
841655533387
84912045678
84943841680
841669142515
84989000242
84986847143
84906287667
84902983898
84965040409
84982484536
841222387118
84977041579
84975998968
84938464548
84988689203
84972994492
84982366199
84962610284
841636758860
84976702844
84948475799
841689881111
84944446868
84982872718
84915636885
84904889988
84934148888
84913208222
84904222711
84989031677
84989367367
84914441441
841699304161
84904681415
841689108941
84984021575
84902259909
84912489925
841656104669
84967808323
84912022912
84916813493
841666828542
84913540351
84949010193
84967278348
84961101196
841689623710
84169278199
841692781994
84912372468
84912382468
84903288799
84948788068
84913271433
84982284123
841676904874
84914470112
841643603343
84982188211
841643600435
84941742156
841867866809
84913203387
84969357162
841626262680
84961935193
841245420484
84943179979
84904513740
84948056338
84904563686
841689503238
841675015369
84962093193
84904936955
84965873866
84977768848
84929385555
84988050373
841635983276
84904678668
84963490875
84963490875
84985978888
84932328328
84982360717
84936829675
841644662574
84916148148
84973306179
841627060677
84989273759
84916571111
84913281006
841688309995
841686561122
84169639999
841696399999
84123224444
841233244444
841232244444
84985049876
841679456576
84972996996
84989128128
84902161956
84913262618
84932138369
84946380729
84903436658
841674053305
84947642495
84977975810
84982545088
841689551873
84978502057
84913384385
841694472288
84906146868
84903232628
84935376028
84975868686
84902076083
84986240878
84941007777
841638839298
841222707999
84982282032
841295231111
84968613338
84969963232
84976786000
841655355773
84962767911
84901778639
84983898688
84975098103
84905846657
841685291886
84989790496
84948520735
841646975206
84912026595
84903036849
841649940096
84919046969
841692798521
84963898993
84963898993
84983260754
841678789209
84943510865
84973825960
84963586392
84963586392
841214478784
841285901743
84913531300
84977980388
84903211358
84902290911
84979868689
84936867668
84903420236
84988783551
84981164493
84919729966
84908094613
84933071566
84934441112
84984924900
84983293385
84902226789
84912546886
84979304079
84979796663
84905221334
841644589999
841642629398
841668920369
84977868877
84983037471
84973940873
841658600169
84913209564
84972146067
84912514338
84913247744
84917141466
841697021543
84933111888
84979961787
84983525626
84985516839
84979249282
84977062193
84935336868
841653567789
841653986665
84913355002
84975085851
841628400683
84915232888
841695743449
84972881188
841297656666
84978933497
841699703655
841212109899
84969366669
84989265305
84982936518
84944964661
84942333889
84903253456
841689946220
84913525844
84985293689
841662035145
84942060468
84901707878
84963923045
84989749268
84945698558
84907801160
84936606639
84986470399
84972916700
841637525759
84979702678
841665655195
84987047886
84945060783
841644058579
84986437952
84905435688
84902459001
841672811581
84974509999
84936891888
84937207109
84923226886
84976682188
84986922889
84982040491
84913217979
84932311888
84989089104
841626588591
84972526261
84918178147
841649608147
841679967755
84973881666
84904182830
84912912323
84904144414
84977261759
841662215235
841864757235
84989020980
84982757815
841696456012
84969680395
84906537493
84902742111
841644959195
84973007331
84965101396
84911149191
84943154222
84982811884
84913286888
84948119119
841629925388
841663561585
84946199999
84983676985
841686630842
841678281617
84972482666
84965716866
84904681811
84913149312
841698933638
84902419155
841674587095
84909888866
84971968366
84986072005
84963683224
84966967309
84903214838
84912816578
84962933035
84913218889
84945481166
84973748591
841675031085
84965101605
841635277632
84981086592
841655828564
84975420796
841679975759
841665820278
84904188621
841669996196
84965035997
84981428062
841672935713
84932328086
841664555482
84974144368
84913225863
84934924231
84988248683
841674245615
84902226116
84983668679
84969102268
84979273168
84904255555
84908862868
841697761689
84944422906
841636933032
84987447350
84973424283
84901458648
841635871111
84944348866
84936368118
84979950149
84976420115
84943337111
84987428510
84903406829
84964285818
84917075678
841216346239
84983978458
84983065673
84948198939
84966817171
84944848899
84933316044
84933313313
84964210628
841665879196
84913052133
84978901614
841627994983
84986723119
84977700448
84989779914
84903281299
84935412345
84169597192
841695971922
84935525864
841629688775
84903857520
84903842263
84982931824
84912456723
84988321897
84986308539
84972037032
84989735980
841658272858
84989823205
84966157661
841626089839
84945101078
841696196794
84989869956
84976717262
841645148404
84975775838
84915683622
84909344653
841655471285
841689651340
84971505221
84986030977
84913235625
84976278236
841228857654
841653548035
84967087853
84913193333
84962291082
84975468282
841627206116
84932565679
84912115567
84932361808
84978331003
84973192832
841668246338
841682814665
84973386383
84988099968
841688963313
84967788291
841214906236
84912361980
841233166889
84983972543
84979435346
84906868686
84979525630
84973392351
841649649983
841638432923
841647464130
84901053979
84987804352
841699205720
84915045585
84169372412
841693724127
84942126666
841676177250
84967282793
84903266886
841657027778
84914106065
84985519848
841634556413
84909606688
841655529145
84989912346
84912742976
84976330279
841282112066
84912415425
84983500809
84917750809
84969735136
841689038631
84983367968
84989356789
84983570181
84968731738
84968928181
84989150668
84934855878
84978761629
841638804292
84982153912
84913214389
84963214389
84963214389
841673826926
84988638127
841658961959
84969688799
84987677670
841698821426
84986644566
84989762622
84932023227
841692202943
84986680864
84984440243
84972003353
84968473293
84949933666
84936256487
84905127128
84987452693
84985551984
84906336101
84969709211
841636361859
84966966501
84969220388
84944735082
84946488662
84981378785
84902193327
84982067796
841676622756
84971069092
84903386116
84989528558
84989357979
84912081889
84982082491
841636228568
841649618693
84973280757
84904066363
84911206345
841628505228
84913526426
84987398345
841698046497
841676193117
84978269490
841649133945
84912481027
841657422166
84169495986
841694959868
84976441797
84912222559
84936766988
84963136168
84936136168
841669032704
841663836956
84968283678
84927517871
84907282669
84917836789
841629309526
84967768588
841236867654
841643646087
84983147899
84913962299
84932541114
84902558831
841668868966
84978193865
84987737999
84989762124
84905867174
841665244308
84973391192
841647465583
841884236817
84977289728
84964968866
84918002612
84913224509
84982090108
84902550565
84947100432
841677123580
84983006589
841868073632
84904837719
841666117040
84975358322
84903263547
84905577050
841685538977
84945388036
84912891618
84979758665
841688095511
841696191521
84974881471
841685492644
84905424565
84988688194
84963015701
84963015701
84913221666
84978045577
84986873636
84913915086
84963794252
84985583483
84974077987
841652556323
84913234678
84938222569
84942198882
84938691839
84972396687
84989066690
841669798466
84986972793
84906220259
84967267899
84983685290
84948801011
841249996666
841643997373
84976585710
84925168168
84903230974
84912861111
84962869900
841648419766
84967285555
841665688839
84977183005
84981823587
841648811155
84913544992
84971768499
84939096688
84905847180
84974225099
84935672010
84922929456
84917057716
84968248394
84974819839
84946235849
84967260920
84912126690
84169486640
841694866401
84966839816
84977791808
84963891566
84963891566
841274137949
84968999889
84973196174
84914919709
84977066261
841697714867
841626818751
84949390427
841698820951
84986271273
84903059689
841656041185
84996087263
84972211050
84987282680
841642510760
84963408668
84963408668
841636778451
84946403668
84979233246
84962265883
84975951822
84905896666
84939336668
84912771454
84983003317
84988068937
84944734390
841685052914
84965335568
84905824898
84904368825
84947765111
84944437376
84935459022
84915905903
84919277983
84934616995
84914992491
84905399935
841645947164
84969816626
84919942770
841627377142
84974458818
84981014516
84944307386
841263157611
84972419615
84948886868
84975729998
84989199600
841638120846
84904076474
84936554199
84984729888
84169680169
841696801696
84988543038
84979168777
84988517710
84968616086
84978406710
841696968375
841266599557
84963921834
84963921834
84915221166
84903608882
84903909027
84981017968
841295261923
841649581396
84911500534
84972722734
841629177988
84981031520
841635685558
84902224555
841649628294
84979243445
84912513164
84983536517
84964827896
84915654861
84987043573
84915488646
84925468688
84963347864
84982551344
841673720143
841686863417
841692798421
84908238439
84983557681
84904558386
84984528786
841692606456
841678390111
84947848486
84949599898
84986413183
841658109702
84945191120
841666836836
841663301868
84984235726
84912206389
841227816318
84901763153
84935617777
84983617777
84985247563
84986825262
84909726789
84985480126
84914295990
84972862993
84986322228
84969057745
841682941033
841676539140
84938889888
84973309329
84916055088
841684259952
84978894969
84904242090
84945594999
841657740201
84913313663
841649298683
84985988968
84963952389
84963952389
841668858058
84985892571
841299011016
84908876600
84927019999
84948147447
84983752037
841674815352
84973156247
84983385679
841638095141
84982445917
841636666666
84945702323
84926871593
841282133403
84942928699
84911189892
84946814976
84915152190
84968023807
84903442660
84977386220
84923916272
84912262116
84975647599
841682857403
84909748456
84963920821
84903429698
841674078268
84915379939
841266496381
84972291907
84912276580
841656092267
84975968681
841688681868
84941688991
841646533186
84968699754
841655776400
84968888886
84913221314
84918316855
84982238369
84914996708
84976596528
84987669718
84979387095
84906669366
84984246368
84934059068
841278251599
84985299658
84945080779
84966522311
84968860682
84936131369
84902668555
84946026463
84903760737
84903413408
841654190010
84969194642
841638465331
84913547271
841679714591
84979089232
84967714567
84977180147
84974574143
841669764132
84988302323
84936269840
841649366561
84983369545
84964895657
84969039717
841644634656
84902789666
84902941190
84912815283
84983886899
84917736969
84936166868
84949499993
84986095558
84907744701
84905213418
84966283189
841866794823
84904396886
84917791898
841655626905
841692782541
84903469495
841655855277
84915333789
84972515245
84932666779
84169530155
841695301551
84906289757
84904226608
841683609094
841699630095
84904100438
84983738789
84964071050
84917746789
841863146049
84918649658
84972261810
84169234260
841692342600
84936668188
84913351152
84978888877
84904039595
84986092343
84968822999
84968408683
84967811250
84933160606
84948217721
84911096268
84975932832
84943618388
84984602788
84906215293
841646421964
84904040455
84904999949
84932102102
84936424228
84973955665
841644807073
84968778688
84982450695
84912652562
84976718301
84961248325
84932087888
84915099401
84912336789
84939869999
841265058840
84971329300
84936463592
84902299491
84977420885
84974120897
841669125287
84963347864
84965791888
84976863100
84971277272
84983064172
84986668616
84962726789
84913723996
84978323869
841684134556
841642468123
84962557979
84983396539
841234822899
84976876877
84904841111
84918069023
84964699044
84948377404
84986509739
84985357060
84977702753
84982112969
84974963939
84988666483
841636320392
84913005665
84935258988
84983595064
84903567888
84967582963
841693322993
84943253751
841675279153
84934966715
84985833286
84965389255
841663718867
84909835113
84986037846
84986877769
84968963234
841688998820
84903285313
84902100262
84908751102
84985528866
841663556507
841259073441
84973992992
84969854221
84985638383
841657147273
84962603699
84961987994
84965238120
84941670869
84903448840
84925464666
841686688765
84977024608
841689407731
84947738287
841674309349
84968598195
84984057827
84967444945
84963866893
84963866893
84973335876
84943829578
84944894028
84945533283
84967926162
84918122871
84982116317
841664128455
84983185689
84986593969
841694947008
84988547583
84903252908
841658211433
84939066667
84932658668
84904604969
84969299460
84913238835
84913378463
84937460979
84902121221
84902221323
84914727228
84964206005
84982283546
84901842697
84919089677
841627213775
84933234229
84915351215
841648550105
84905581992
841234377499
84901470158
841222999297
84983650319
84982899225
84974466295
84915958888
84983041937
84983779661
84908235532
841672724434
84984149999
84913926687
84934102955
84978845566
841676550836
841679505837
84949201386
84984317777
84983073068
84933071757
84939877670
841638326209
84988198228
84965888886
841685115242
84912371122
84974733569
84913200333
84963633583
84963633583
84165488915
841654889156
84983149552
841696371734
841687509984
841633519714
84962358668
84963526886
84904165699
84986991817
841677261534
84965556456
841687240280
84988222923
84933022088
84983005791
84987148643
84911204392
84901218889
84903412619
84915898988
84988949824
84972421273
84913222261
84963596719
841665743088
84916550248
84936270483
84965975813
841659113259
841658209421
84906198898
84936160232
84902290876
841669788609
84936624899
841687668899
84903226892
84941961111
841676209580
84913229879
841693526210
84964611829
841672456736
84979999355
84972691169
84982552882
84948965556
841682536270
84975767120
84968314716
84932294589
841688294845
84969087075
84965464999
84915152149
84969224384
841676067962
84968929296
841626083606
84903494969
84914995623
84982098677
84906259869
84986831102
841683172854
84935370759
84966004190
84964081998
84934334399
84903626968
84918793455
84968106225
84904842331
84916527970
84988108913
84938292222
841886343153
84913836898
84989996646
84973922810
84964279274
84969828392
84918375520
84968994700
84909288098
84914457782
841867102477
84973210925
84989941618
841237192277
841656015888
84975535410
841689301079
84906658689
84904687997
84986945394
841222266124
84927396222
84972513106
84989338487
841677560990
84974435995
841666581823
84942476688
841674056579
84975130088
84985023808
84966218368
84904733388
84943904258
84916611188
84943060359
84903466633
84987803259
84936614363
84973050115
84989386659
841689862468
84982508585
841697551998
84946937799
84986580088
84918606297
84972892555
84979148084
84977930111
84938610867
841638702119
84902449888
84972675775
84962567886
84934531418
841636230256
841203402403
84906227566
84945388180
84982209922
84915015539
84977045308
84902436882
84913588357
84904275768
84968792957
841626677376
841639758859
84906646464
84903951508
84903212198
84937583404
84982137957
84987809789
84983474666
84977919138
841689528378
84962857628
841643332196
84901212222
84903454546
84985464705
841643883300
84938479669
84912070966
84937626666
84987982982
84912117676
84969686956
84988959761
84913818895
84903369689
84972341690
84974123492
841636654496
84908314249
84937326789
84949695555
841638412797
841213060994
841668748971
84903260076
84906884477
841224213408
84936820001
841649184754
84967181363
84907285088
84915245030
84949724505
84975070487
84943466667
84932233888
84964338967
841688278005
84988319779
84942226118
84986023886
841679168268
84915380066
84915796688
84969835555
84904250826
84906119912
841662950957
84915539988
841693413372
84915716266
84902095888
84982094072
84912972504
84988908691
841668511160
84908340057
84912912208
84919143355
84912120033
84935168007
841654212335
841678086074
84972178888
84988636356
84915257926
84913036671
841656325704
84966178887
84985205997
84972410711
84988922289
84904424095
84963627933
841626783632
84912838521
84988324681
84943357673
841644740640
84903260929
84976804480
84987130350
84969622798
84983852497
84985414404
841666094090
841648426897
841632447905
841646216872
84986698896
84985331466
841257571503
841644629106
84916529669
84978829050
84983656789
84919842896
84906838086
841655452145
84986064593
841666582190
84987932302
84949161499
84938398666
84986441417
84902212299
84904613039
84933893919
84933922312
841634259365
84902075599
84979264487
84981812036
841665903977
841692782725
84966866666
84943431386
84986318686
84988275595
84915627951
84973292929
84972995590
84905937037
84966960651
84934207777
841627920086
84912075501
84975396868
84909626789
84916069474
84965320222
84978364126
84976629891
841239257468
84912775538
841292922929
84918333483
84913586007
84909226813
841267623852
84981050095
841638484932
84936717973
84987046363
84976255855
84962341123
84974801523
84909613696
841686183886
84913539332
84983631133
841678876197
84972731602
84169530773
841695307731
84986525421
84964623688
84984008868
84934065888
84962138709
84912250781
84915199122
84963322678
84963322678
84903920723
84902965664
84986921323
841694037669
84927463891
84981847458
84967932729
84941376257
84976333469
84966475555
84904498989
84972673705
84901291701
84912906102
84977546690
84916861618
841696204963
84944646669
84985072268
841688162392
84904357686
84946856476
84948137137
841697523728
84966803997
84961796094
841674739906
84932288882
841205957099
84901748033
84914571787
84909695969
841642807332
84912082211
84922223988
84909991046
841693369300
84915126913
84934572682
84968886436
84989975471
841639161345
841672254363
84903516699
84902997702
84963213986
84977281430
841697078500
841644241000
84977365883
84949991158
84902285229
84968337877
84964392754
84909644806
84983922654
84969020885
84936891357
84913870789
84977465307
84932275068
84989183872
841633555569
84915413839
841677513137
84913050123
84986498786
84908781995
84904540034
84903403346
84971060007
84979746405
841202266290
84914722877
84902368028
84989653586
84982355322
841633996672
841204503124
84906269218
84948437299
84912887188
84983758614
84987888789
84939798713
84989621503
84916476913
84981236246
84989256698
84902004378
841299120416
841673891755
84901690333
84938171135
841685393731
84987589589
84971489141
84976077130
84988762817
841226725952
84987653068
841259039812
84903580831
84902510530
84982602575
841666179630
841658811883
84987626759
841643664545
84934500880
84967458784
84908417918
84977408642
84978468940
84915022820
84965348080
84994763756
84965299531
841628999569
841684745408
84961117989
84985260529
84986765885
84915936956
84997118668
841655399408
84975839669
841696927880
84971233246
841674524886
84916686666
841679464867
84985031736
84983785577
84982226655
84945667979
841687663305
84971921190
841682134057
84938203980
84934277257
84948905891
841697534123
84934055556
84934513589
84916777768
84936387610
84972135623
84165573521
841638641429
841656906422
84939641797
841653690332
84901939329
84917328580
84123253023
841297899321
84985568540
84981322105
841652556789
84981747486
84906020783
84944668120
841697250093
84902098918
84972867527
84969719411
841667691304
84906279115
84936367499
84937323286
84904961888
84917849336
841224180916
84968091203
84975880006
84979004327
84995427937
84969335743
84934099770
84913207749
841287298689
841267712788
841264298392
84902090030
841202041179
841886468710
841672967137
84983565989
841234888592
84915468468
841675741916
84917722819
84987980841
841635173580
84963268921
841692565696
84933987722
84988553227
84984996289
84979636902
841629889898
841656438688
84942152271
84932264526
841267381789
84977915583
84944388113
84908906223
84987782358
84946209996
841652307075
84947863333
84903500139
84984893507
84933717916
84944620181
84904744083
841233421818
84983682468
84919395995
84962269446
84966010764
84942509999
84938958805
84938116326
841644832909
84902145805
84911060722
841696611645
84982381765
84908880008
84988847121
84916392768
841682496094
841265558627
84913927969
84976521677
84933338596
84966087409
84983726879
841648715419
84903210285
84904303320
84984970643
841658946666
84913871840
841688779559
84986156930
84969369298
84969439281
84982126811
84984286161
841265431091
84913263002
84974676666
84913295971
84942140382
84946564645
84968817074
84989888865
841626506046
84969260688
841645616189
84984550111
84948849648
84906762299
84969505511
841634297306
84964955930
84913235544
84987781982
84949748558
84969699559
84906833252
84972666692
84986206879
84931011507
84997288170
84963624953
84985411988
84943955995
84961131585
84989183736
84917527156
84965008621
841232345593
84962753152
84908900588
841686659896
84909762866
84981737373
84962804961
84938313278
84983226257
84982300737
84987238207
84969882684
84962083861
84912571313
841697436945
84983185468
84964688998
84986687092
84905236868
84945706390
84937107150
841662621875
84911124946
841675920998
84913917090
841636723968
841687234055
84945352686
84986918327
84978801259
84934444139
84906845279
84913809917
84912025792
84903447677
84942666604
84961385478
84949076947
841258286997
841649917218
841675492899
84975401858
841669493529
84985683458
84949170386
84914685555
84904905656
84949864581
84975203890
84982284486
841665413626
84973555888
84962688155
841628511737
84962442290
841637634131
84978977054
84981075723
84985020225
84969020225
84972916692
84905071271
84973332733
841685546188
84974448609
84975225940
84989424275
84937808839
84915237406
84975876668
84913519798
84902234332
841644316178
84914469037
84972858893
84903235198
84961127368
84976639348
84971746844
84933409884
84965649968
84908267927
841298556666
84913201685
84965856193
84976232138
84969660676
84914899288
84963312494
84969494161
84987317365
841266316747
84903863979
84981464616
84963868022
84986636666
84903500344
84946666846
84904867577
84944703441
84963656818
84963656818
84936366305
84974460394
84963522889
84963522889
84964371850
84946296388
84913207200
84901957451
84964992262
84943572446
841643610479
84912811822
841629455646
84962797307
841203488250
84904050331
84934956989
84969928923
84912307798
84917758491
84976208463
84949198666
84982844693
84972760088
84981038289
84972366013
841689069769
841642947811
841649203643
84936431697
84905676219
84974555886
84996559686
841205052368
84968043616
841239889241
84972000419
84915843500
841667124981
84903442319
84965494227
84986740433
84985395874
84965308138
841637596498
84912170214
84973319554
84949066789
84909597686
84947445555
84901357737
84985849999
84966214821
841686872110
84968717577
84996808532
841686654857
841648885393
84964970888
841699822524
84949296081
841247246655
84963553345
84964324938
841689767745
84982337088
84972065963
84946632790
84933622722
84965314288
841692039986
84914625158
84976897777
841659089648
84937936666
84988056688
84983204497
84915600990
84985232943
84913266851
841867855231
84905679302
84963493281
84963493281
84984213239
84975726107
84913202510
84916255393
841626420130
84963557147
84976437723
84963557147
841273225225
84945269668
84983839968
84983354098
841213508697
84913851792
84948515009
84963586298
84963586298
84905948788
84976394266
84939232868
841698782014
84967412546
84979097764
84904654019
841635596666
84963946678
84963946678
84981891862
841698329506
841279005455
84965207889
84933987572
84944070070
84938793413
84961478347
84904695050
84969080769
84914883490
841656257700
84975950555
841697280042
84902467566
84984964773
84961810293
84903419968
84981762254
84903229687
84913216679
84988379728
84903488393
84966806193
84915450034
84935800566
841662127070
84939078081
84933424536
84912835369
84989951999
84986446369
84963343903
84963978185
84936448023
841643370937
84944666433
84901210887
841676036039
84912734666
84969761227
841626066667
84972317900
84968022295
84916651125
84988989695
84961955088
84906909893
84911323158
84983540385
84902170053
84964101803
84973486331
84969503777
84904339426
84989511888
84935941650
84965400457
84965365486
84986661689
84912459579
84919072149
84978014457
84968989678
841649053983
841673545767
84903923113
841684410555
841663133282
841208825943
841659926082
84969998902
841658461502
84912933635
84917363855
84986464799
84914399086
84964433678
84977348762
84979684031
84988570752
84911125369
841657778670
84932735981
84935230600
84982610908
841274984061
841218758979
84968666334
84916955381
84927884184
84941529123
84936319981
841659033473
84916135558
84908267225
84972970640
84949239259
84978473489
84902471174
84964363678
84969450096
841869823379
84906816369
84913286067
84901436363
841637167826
84903304129
841248185185
84966999919
84914921067
84976975488
84934750088
84962835011
84981663835
84989434634
84988092020
84978128558
841684387373
841252642897
84913286429
841889628834
841643656573
84945622495
84949982098
84987603193
84967041183
84969989255
84985000737
84901830787
84916624226
84917345265
84934689295
84947242259
84945137122
84964485369
84913211565
84944422265
84935115812
84928178052
84983268866
841236615474
84983362932
84977562999
84932345219
84936266911
841687678601
84988841255
84972300799
84916346189
84984091459
84938792123
84984282393
84918979542
84906153388
84947693143
84902211795
84946271087
84169521328
841658192423
84961164411
84901216338
84975466858
84932595597
84906209896
84969243485
84961081026
84968833758
841215164714
84973195028
84961948997
84912027668
841655420992
841202158591
84967572997
84913291385
84917719611
84981639756
84975036448
84936143392
84985198002
84961600870
84936071176
84936312947
84944142054
84976396613
84169294770
84973217613
84901915959
841232041650
84942645796
84968837888
84915670345
84969794111
84901218064
84969016392
84967888674
84963490160
841212198888
84944850814
84947331553
84981310232
84963304401
84977037800
84902107666
84974734015
84913221269
84913561986
84165793518
84967981006
84943868698
84911191879
84903435519
84902145193
84915498888
84934924777
84982102666
84914416363
84948552026
841256400409
84917330000
84903442100
84965105678
84986368855
84936316464
84942212223
84981935555
84983891208
84923386789
84988268868
84973148386
84912663969
84963651008
84903161871
84913805673
84903417484
84966668008
84942346868
84988400800
84913262645
84904048484
84906007999
84943231801
84988985035
84983653229
84915990099
84983896288
84976920976
84982666669
84904078286
84944688844
84983292529
84902521182
84908972423
84913515375
84989861636
84986139661
84906070883
84903409797
84981068088
84903466949
84913201173
84932239226
84982219226
84902225566
84982525252
84908908104
84968978989
84969607562
84916833388
84975990993
841698991988
84983909928
84902174567
84903280818
84904893889
84904865533
84944465466
84948341616
84903972823
84912111184
84983682286
84912041214
84916590999
84983255689
84946655779
84913234560
84904971234
84964377634
84963444468
84934563388
84903401673
84902077444
84916003123
84939918668
84944123258
84903461816
84964112299
84936065633
84931290000
84949946666
84901288388
84966899668
84902200233
84904276026
84915254576
84903401516
84913126568
84962386116
84903439069
84938256688
84982911979
84968566265
84986713898
84963189999
841257578929
841678679999
84916999810
84984828132
84912488886
84923232368
84912535186
84903416789
84968236868
84903277944
84905045692
84908695691
84902065642
84937688668
84902192224
84913389888
84933335888
84963530612
84934631890
84926006979
84949993829
84913399433
84961757777
84983602262
84916391992
84913236508
84902078355
84903245123
84933998800
84903481818
84989287389
84944900710
84987783513
84946068668
84976751571
84981211368
84903091566
84975157450
84975891635
84975699776
84915452222
84983003339
84913283446
84915553000
84912016633
841699000090
84974480268
84917114455
84903943288
841243288888
84989322668
84903454643
84904280975
84915122011
84966320321
84983572349
84918751111
84906258898
84909006855
84983111008
84961511888
84903264246
84985886619
84913233136
84913861468
84912423555
84913209912
84912893939
84982668892
84904299088
84936281768
84936101396
84912931931
84974395244
84912929630
84936282239
84975774197
84976198899
84975651612
841678569999
84912037117
84943117526
84968761688
84906006309
84912321000
84903204477
84912374860
84986817746
84973689292
84908573543
84945686666
84966219976
84909896864
84916896662
84913208090
84942821188
84902029009
84936186888
84945698189
841636688888
84977409202
84901508699
84912379494
84986986722
84906207777
84966369369
84975008823
84903239197
84972585888
84982869339
841626912866
84961253838
84965756667
84972040492
841675057056
84903436338
84901361368
84941442222
84913231818
84985095866
84916212181
84903941315
84936046926
841672500957
84969226689
84914368358
84914652166
84936018066
84983652166
84937643333
841644256789
84986586671
84925343434
84913558338
84984237998
84986855968
84974535659
84964965555
84904858558
84934590468
84905530031
84903482868
84936801803
84932225678
84913238816
84944066206
84918066022
84961868885
84968426886
84966660099
84913088847
84933132288
84984221111
84941516666
84935852683
84984885557
84916608686
84908001890
84936912468
84966166166
84984181177
84904118766
84915897789
84983464646
84979186668
84903122486
84966033333
84905251245
84904784768
84936668523
84915053503
84976881155
84913526555
84965396999
84908430481
84904120386
84905246666
84902090232
84943668868
84947496440
84915332332
84916586811
84948993666
84913217376
84905688668
84966345666
84904808489
84944432708
84914114998
84983291828
84919891987
84904992222
84903616096
84916067987
84903416476
84908425686
84903430193
84919385222
84903105786
84913208221
84902221710
84913512351
84913588234
84906671126
84983888883
84912123374
84934175286
84936828485
84904333442
84913564657
84913001568
84976601111
84969299880
84913570688
84902251368
84963686888
84963686888
84976704885
84986860101
84904063458
841214009647
84903445636
84962828266
84973197738
84987260333
84968668238
84912621888
84963621888
84963598655
84936381883
84904563466
84912234637
84978256668
84906168186
84904801081
84983848984
841685676789
84903262626
84912993663
84971828288
84985534843
84987971238
84969697557
84902156629
84978809999
84904340664
84942891989
84904545488
84939685868
84912436889
84917923130
84914009799
84986754999
84983230680
84913001359
