84919656669
84914885092
841233278910
84989653563
841666622200
84983835995
84912216212
84913232860
84984284048
84906270409
84902189806
841653539239
84915459745
84903425522
84983741973
84913321451
84933521987
841639596621
84913534373
84903999491
84913258866
84982226228
84913230519
84913511522
84935580000
84903403959
84972956868
84905231282
84983156668
84936709966
84987889189
84963063333
84963063333
84912047799
84913020225
84969138183
84903229343
84914018898
84903483248
84948488092
84903429870
84907066888
84983943383
84913597337
84946392298
84913078302
84902250785
84913217080
84988505795
84915836688
84936593129
84904653453
84964599999
84947123456
84982149875
84919583677
84914368989
84908182398
84933383116
84903476999
84981061027
841202133308
84942378512
84938329679
84996090909
84902274466
84934679367
84973432147
84966029999
84989193770
84936161461
84968999998
84985171192
84933959668
84968454565
84911006666
84936146491
84943457882
84969196288
84904512222
84967710249
84919812788
84997397979
84937277738
84976774488
84983323481
84916080808
84933998585
84963663690
84912731818
84938178888
84977689999
84903230053
84906220622
84979066225
84945966298
84913223389
84918246886
84912886885
84948656868
841678766686
84976767676
84912045303
84913202929
84913449905
84977161995
84909719185
84944258683
84988555789
84902145959
84926559559
84982771497
84936205858
84936421543
84986665753
84914816888
84903445885
84986223618
84945984877
84903282282
84903412466
84919758489
84969032696
84936105722
84989991812
84974386639
84983283818
84983849999
84985879999
84906003311
84934571989
84963835459
84916054197
84904449493
84983999468
84902118183
84985826069
84941234455
84902557716
84944345207
841666885111
84904002911
84912266262
841653841581
84969662250
84901043388
84949992266
841234999868
84902686626
84961986686
84973563686
84903454898
84942957888
84943291888
84909815468
84976156999
84912899999
84913300626
84987486002
84903420086
84913460770
84983421882
84918521882
84912486227
84917691311
84944628568
84903442227
84905530484
84989068284
84975632268
84976241368
84936099296
84982399999
84972799999
84979595999
84986956598
84912240923
84904564440
84909822077
84906279339
84978305851
84945026886
84987909868
84938911933
84902196336
84905669668
84973388682
84972279999
84904221228
84926285555
84913015350
841285211265
84942186368
84902048636
84944124444
84984584798
84913545103
84983639396
841673333995
84977166969
84918892882
841643861288
84913218448
84973312309
84906521981
84947918455
841279798286
84919765788
841687527079
84945563630
84986230081
84932326338
84983525101
84934395223
84934171286
841644917821
84913535239
84982023008
84916040489
84971036036
84903426869
841647417967
84965988874
84916102939
84969061991
84903232528
84975951910
84934593535
841238613861
84904220482
84984865858
841233888655
84906268113
84912035057
84982776666
841234290274
84977577777
84976622222
841652580003
84965522333
84912269968
84904907903
84966668691
84948231290
84906142330
84908043800
841235851991
84983047450
84977231123
84984001956
84913014276
84983115125
84973799799
84983941102
84906668605
84913203456
84913526480
84915299299
84905512055
84903442444
84913833359
84903212246
84976449999
84169665858
84982615255
84918101979
841214045555
84904274388
84944409452
84934555242
84933838383
84904744444
84989782756
84987756997
84985772332
84983807780
84907826115
84969365586
84985722998
84913047488
84917668806
84915124790
84914929779
84984952486
841646152222
84965522146
84974713670
84904080672
84934636370
84982525558
84909000866
84942888847
84936314386
84974805439
84906259679
84936936946
84984041990
84903060968
84987413558
84918468961
84903232222
84966403555
84984888469
84904668828
84944280272
84912966898
84903238678
84913333285
841248388288
84988772064
841234566688
84908824785
84947067979
84906129556
84904507768
84986268555
84919436789
84982301187
84979694085
84942133033
84918361377
84916016048
84986888868
84936909497
84935766088
84988290252
84979951307
84908600655
84982175751
84962080886
841656260321
84902278828
84963585882
84963585882
84906266169
841679361407
84943482068
84909087598
84913221771
84918265616
84968302866
84978735369
84963668778
84979786862
84984289201
84912468404
84985800999
84934346888
84983525385
84913236461
84984856666
84973239539
84982709688
84963865866
84963865866
84965117477
84903211715
84979206666
84948988368
84979793388
84903383323
84913201560
84925527789
84912007097
84973211290
84169308898
84971623555
84987052222
84904070778
84942468479
84906007017
84932657660
841658004011
84985076780
84903401959
84914333605
84979644326
84912585996
84946101059
84901770555
84904222232
84904682489
84936476883
841682066287
84918278366
84165395479
841653954794
84913203101
84976886668
84973288353
84915688212
84977773335
84966643099
84941666767
84904658971
84934440401
84976738683
84962538282
84945200891
84983408910
84975633975
84966767858
84961627788
841277110011
84982046986
841663718888
84983758189
84904988958
84977771934
84912817098
84935797777
84979618888
84968488835
84903455923
84934220487
84944267252
84968338686
84989846318
84983456166
84904901988
84915808088
84917904888
84975240427
84983671393
84964958368
84971467383
84945403304
84932289866
84965555232
84988594497
84982642377
841667441851
84966555758
84973747104
84947426666
84903234690
84904746333
84944091284
841698331333
841637590000
84978539080
84973789739
84915266333
84984884832
84976198440
84913208584
84904707668
84961568066
84966991579
84906035757
84986001150
84966394699
84983038689
84902262859
841669489629
84903463200
84933915834
84989056080
84913222564
84913545840
84969445136
84983436868
84948046688
841683564470
84932320770
84985112987
84946693731
84974540801
841668703174
84965892950
84983698686
84903188889
84912391237
84974538194
84985509934
84972833452
84978868214
84978012468
84904368191
84918817879
84981339808
84983925335
84916372165
84903910373
84987777794
84973303154
84904110066
84984800849
841688591796
84984999996
84911102292
84908975209
84904993333
84985195093
84973449435
84906231692
841222223679
841674539231
84934531186
84982929886
84986825491
84946255090
84944207277
84943189669
84906244572
84969274866
841694690694
84913222434
84902800010
84944866877
84966399242
84972345368
841679384473
841669661368
84982128638
84936783687
84978594392
84971178786
84989781000
84903405275
84912252019
841234132123
84916808008
84977517344
84988885887
84948884888
84903454545
84946669085
841226760159
84926135678
84932936899
84961655556
84934455093
84989897178
84932618686
84936630450
84983603405
84987201653
841297667799
84977775858
84912993338
84906232658
84915160382
84963636358
84963636358
84904061991
84903429070
84974125456
84985679833
84932315959
84915496666
84963911687
84963911687
84912573080
84938465456
84916982223
84986632314
84988415555
84979705555
84963098584
841646793838
841687850448
84936791739
841663639064
84944888256
84977585344
841663276866
84169656922
841696569222
84972099199
84966868833
84946585855
84942600708
84938315555
84906208289
841288668692
84986699109
84905663262
84915431981
84918718386
841654637023
84967888177
84934440040
84912854999
841663087536
841657626511
84904188877
84984059795
841667296964
841687032719
84983442653
84983423456
84984034068
84988674725
84986990708
84911489999
84915588679
84969000282
84915595747
84906850666
841639239566
84983908518
84977337777
84912377468
84989536135
84938298686
84961342713
84915370589
84904099779
84915114666
841686241889
841636696699
84973467959
84983980723
84165652089
841656520892
84912054534
84973103922
841676126798
84965524252
841698751834
84948621095
84949291216
84937394939
84936795454
84906209899
84944275333
84973474396
84909592283
84968558579
84981967586
841657669211
84903266363
84903475556
84913512188
84916644883
84903269669
84988579136
84908968687
84934680129
84975336364
841653520474
84973213881
84961863866
84963711437
84963711437
84972538400
84947728119
841649715421
84948861080
84913588532
84974262230
84978966609
84902825079
84934499943
841223078686
84911053015
84977975995
84982180995
84964721291
84913999594
84943153889
84983488858
84982734408
84949275885
84972876564
841666516688
84989742357
84911086222
841692302245
84906072868
841234868135
84913596999
84964817955
84969987992
84907491981
84976599955
84985686869
84944501195
84901777369
84943469883
84961296999
84909444686
84915185246
84985878672
841697605909
84975050485
84974041286
84918005231
84916932929
84902466468
84968445034
841677107555
84903422600
84913559060
84968323575
84977887916
841688101338
84913238823
841206688661
841266661121
84984989126
84968056280
84934233636
84986253545
841676661768
84934455899
841694297964
84983596835
841655255773
84934638345
84934568875
84944749889
84976849999
84949801991
84904808668
84966325382
841699831437
84935772929
841697069421
84979043099
84948002352
84973908116
84904317492
84948999635
84903871234
84967305055
84937210194
84962292779
841698855105
84964683162
84964665690
841236999999
84982751988
84903884477
84169409800
841694098004
84916649845
84913224225
84919923223
84978318301
84973559473
841649920686
84989351111
84908509085
84934445228
84982889266
84911219366
84913007123
84906893222
84989127638
84966820770
84936830682
841204121696
841654315479
841698829922
84968788989
84944462472
84967817576
84916248411
841685360173
84979013053
84964497568
84948301996
84984463957
84904102789
84989122222
84986172345
84912571699
84912609933
84936906250
84904398188
84972658050
84903443323
84969874125
84961666192
841672143894
84936931718
84905366008
841656245733
84914558282
84975215888
84904589495
84949987747
84979220246
841644699896
84961141985
84917974685
84904899559
84904229989
841699345465
84901010374
84902361931
84919268888
84973064761
841672491590
84938571012
841675466628
84976584936
841673345793
841662991855
84904231230
84968836469
84908926886
84913059082
84973653162
841669608888
841666206198
84916186501
84989728030
841679924027
84935625719
84986881493
84943636869
84982180848
84982699969
841278484666
84979264093
84979087154
84936197777
84902494769
841684180278
84912140480
84936060293
84936376868
84945616388
84985999863
84913865189
84916883579
84912339229
84903216396
84903216393
84985927575
84982653650
841675312390
84973293329
84972560983
841626068626
84978412382
84989126126
84936452628
84979193140
84967010696
84903271919
84984314888
841647668899
84972445099
84912304993
84913583493
841644930147
841684659038
841659325320
84947941616
84983332898
84983833818
84936007676
84946637888
84963326157
84901764141
841677278821
84963396862
84968576636
841689754877
84986268380
84935266386
84904965388
84962305882
84985851112
84913031832
841693510600
84943131043
84962537698
841635776865
84933222654
841277715777
841279621217
84985963666
84945405293
841647516471
841663788684
84988751869
841665556308
84988643115
84967890898
84903829633
84904773289
84975707979
841685912168
84985258888
841256424111
841674181801
84989712492
841695231267
84988272985
84903450145
84985981188
84919555426
841662264773
84983286303
84933128788
84913935811
84913519972
84947891889
841647902186
84941238288
84982407729
84918004993
84967698288
84985925171
841264611921
84979077559
841666631688
841215285081
84968124196
84906398399
841659013441
84979028162
84986638663
84902028788
84903404999
841678876816
84982499298
84947266568
84978680123
84905732462
84988622752
84984698498
84986586658
84903443757
84987231538
84947020569
841642863108
84903222478
841649637940
841689987428
84973874986
84989682699
84988561252
84964938389
84988110768
84903408281
84966701706
84961813868
84984702333
84934783388
84984713586
84986735089
84903464433
84964529632
84987944535
84912581115
84912120055
84936898939
84969541198
84904399904
84983228745
84165629872
841656298720
84983146438
84949158668
84986908480
841687654344
84978505886
84935996424
841696486673
841685865268
84913223328
84919505868
84902076688
84948866379
841693113905
84912446579
84973676720
84911899189
84975007222
84912356886
84903406864
84919359536
841677345886
84915073454
841679959854
84976193896
841644359507
84912069138
84936946624
84934613913
84911570808
84984561996
84987069088
84983106145
84904664218
841674775909
841649565152
84977468981
84977373754
84982533590
841662194457
84976629612
84988561273
84943929969
84941158282
84937601959
84909566588
84981156888
84913234586
84938645681
84916554554
84961048336
84971895698
841668591604
84903095858
84913531284
84903779655
84963801130
84963801130
84963636093
84963636093
84982100001
84978775199
84913000666
84983936880
84983958969
841675960587
84943425678
84981031688
84963208491
84969866655
84904345625
841294151194
84967891626
84967440991
841655064166
84985850287
841206241943
84963211423
84902826123
84967103968
84914921827
84903424611
841658313353
84966632292
84915519427
84977536669
841223676789
84914742166
84904414017
84947330996
84913372894
84902257925
84934678169
841695694734
84915272333
84912573525
84966573525
841289018824
84965389983
84968792194
84912134628
84975530556
84981937777
841676063363
84971968937
84904413150
84987642727
841673861736
84967763964
841238185456
841649287090
84975168403
84989103515
84986758693
84968204382
841246808725
84966131259
84974414111
84989204844
841674658884
84945674935
84988128128
84913516345
84915436996
841664868645
84901955688
84973513037
84975375889
841234566268
841667740468
84962861135
84989288298
841653659631
84986699019
84989665122
841259975808
841282108900
84977026925
841284842222
84948412098
84912024710
84933530633
841663304118
84169392525
841693925253
84966327777
841657895164
841662522944
84902446699
84912083034
84904647667
84947233403
84983904585
841667297422
84994809222
84963288116
84963288116
841644728588
84913470470
84935903879
84977423455
84913095249
84912031343
84913256588
84977887788
84943517815
84975978865
84979128866
84909218885
84976587453
841649746796
84932446417
84913693899
84969240411
84975819816
841697554304
841273720690
84944029209
84979230970
84936125066
84985043445
84968954444
841214264759
841626495645
84911129620
84972273604
841205899909
841689375852
84905868888
84935038083
84985688688
84904137899
84936648239
84975658654
841636335005
84974188356
84982128692
84977658167
84982413163
841655533387
841669142515
84906287667
84983101819
84903022222
84975998968
84945886565
841288322620
84989067179
841636758860
84962651018
84976413801
841687985238
84947246338
84915636885
84904889988
84914822505
84903439009
84946854404
84934148888
84913208222
841204679996
84904222711
841687290658
84977706709
84914441441
841699304161
84908920930
84974300879
84904681415
841689108941
841689398199
84976426666
84944231666
84912022912
84972346614
84916813493
841666828542
84967278348
84965402102
84903152702
84912372468
84912382468
84948788068
841668971087
84913271433
84979826151
84914470112
841687754646
841643603343
84983440199
84902731970
841643600435
84976960607
84941742156
841867866809
84913203387
84961470132
84902170304
84961935193
841245420484
84903253633
841644130508
841648903946
84948056338
841684612715
84917724320
84917571123
84906971848
84987509025
84985883939
84942607777
84977768848
84929385555
841635983276
84976942077
84963490875
84963490875
84985978888
84982360717
84916148148
84972284346
841687455616
84965181596
84973306179
84916571111
84982313386
84123224444
841233244444
841232244444
84987231966
841679456576
84972996996
84989128128
84902161956
84975548348
84932138369
84946380729
84903436658
84972552266
841674053305
84984379574
84978502057
84943888626
84903405069
84982898188
841689861996
841657811727
841694472288
84984992681
84962995399
84975868686
84972343544
84968613338
84976786000
841655355773
84962767911
841635580438
84901778639
84989054289
84983898688
84969421118
841697914440
84948520735
841646975206
84912026595
84903036849
84903279052
841649940096
84919046969
84976430405
84903211358
84902290911
84979868689
84974123744
84974577344
84902634666
84906081168
84988059999
84919729966
84908094613
841642126832
84934441112
84984924900
84983293385
84902226789
84912546886
84982332563
84967161596
841668920369
84983993910
84983037471
841227279999
841677719870
84983024212
84972146067
84962065658
84912514338
84983525626
84985516839
84979249282
84935336868
84988263558
841646234272
84915232888
841689279786
84972881188
841652266628
841696906717
84942333889
84971471136
84903253456
84912505505
84934514558
84996485999
841663089010
84919850988
84904020708
84982860940
84962429489
84975003489
84965961604
841235111806
84971493845
84971442322
841662035145
84968374994
84963923045
84945698558
84916097068
84974514068
84977090909
84936606639
841689343595
84979702678
84987047886
84942743863
841649151915
84918236146
841697261063
841644058579
84986437952
84905435688
84937207109
84983501989
84981432848
84962572959
84976682188
84986922889
841629076990
84965669668
84932311888
841626588591
84969056666
84913565979
84904182830
84911223133
841678693129
84904144414
84976092634
84987053903
84936228688
84982757815
841696456012
841635515713
84915189189
84985711395
84974379567
84936108911
84983516419
84969325005
841663561585
84165642371
841656423718
84946199999
841678281617
84936178828
841254088668
841699490201
841658489162
84909888866
84971968366
84986072005
84903214838
84912816578
841225549712
84944246148
84934618971
84916171194
841635277632
84902432868
84936771669
84169292096
841692920963
84979503285
84912203388
841664555482
84982277387
84906284664
84934924231
84902226116
84969102268
84913562786
84902279068
84987826734
84972488122
84904255555
84908862868
841697761689
841664430929
84982535113
84901458648
84918053605
84914788668
841635871111
84936368118
841668861333
84913845698
84968689007
841216346239
84982668626
84966817171
84903480749
84906155599
84944848899
84974916392
84932327979
84934422629
84915798621
84908999545
84937803528
841665879196
84978236321
841286549195
84978901614
84969764248
841636227321
84989969076
841683322682
84169597192
841695971922
84973089651
841235110092
84988321897
84962915712
84918005698
841654559680
84985562660
84972037032
84989735980
84165777867
84906755773
84966157661
841626089839
84986499797
84946311090
84945101078
84963977875
84989869956
84919159988
84915683622
84913235625
841675964275
84913193333
84904670287
84985085873
84945466809
84932565679
84912115567
84932361808
84973192832
841668246338
84977645882
84989961919
84967788291
84988305418
841234253237
84983972543
84979435346
84906868686
84935437385
841649649983
84977903176
84901053979
84963104433
84972923286
84963104433
84169372412
841693724127
84967282793
84973669999
84913005324
84913588818
84909606688
84989912346
84988680691
84989097369
84986688650
84969100153
84977519064
841282112066
84912415425
84983500809
84917750809
84983367968
84905937738
84947785333
841683545956
84913306756
84983570181
84968731738
84968928181
84942971505
841636516309
84985631373
84934855878
84978761629
841638804292
84969688799
84961633592
841653482681
841698821426
84903232200
841689958130
84986644566
84989762622
84986460298
84915266886
84914335509
84982270894
84984440243
84979355988
841275071111
84987452693
84907700867
84944735082
84914828929
841693691050
84971069092
84903386116
84966673308
84936357568
84989357979
84973280757
84904066363
84911206345
841628505228
84913526426
841698046497
84903227979
84971154404
841656966196
84973109555
84912481027
841266686688
84917283795
84968606189
84982161688
84919101687
841643646087
84913962299
84974625476
84902558831
841668868966
84973638668
84977289728
84982090108
84974031186
84902550565
84947100432
841677123580
84983006589
84919761222
84904837719
84903263547
84905577050
84936661116
84966088888
84935309999
84904148514
84938386868
841255000931
84977340405
84979758665
84949697888
84963015701
84963015701
84918565669
84913221666
84974077987
84969261810
841656634131
84989935769
84913234678
84989066690
84943636669
84976263333
84977346178
84979122179
84967267899
84988463010
84963596668
84963596668
84983685290
84948801011
84903230974
84912861111
84912669660
84903249608
841665688839
84949932060
84977183005
84981823587
841234020496
84943373866
84913544992
84939096688
84975756868
84974225099
84935672010
84917057716
84968248394
84974819839
84946235849
841249368177
84912126690
84912396870
84966839816
84969309962
841238250484
841274137949
84968999889
84912996688
84968463262
84949390427
841698820951
841648499094
841677482353
84906133992
841687902515
84972211050
841642510760
84963408668
84963408668
84946403668
841666189999
841668601862
84975951822
84939336668
84912771454
84983003317
84965335568
84947765111
84963555555
84963555555
84944437376
84969621295
84915905903
84914992491
841638912569
84969696326
841645947164
84912152271
84969816626
84919942770
841683632628
84903402601
84934406986
84906216213
84911668899
84984227791
84981014516
84944307386
841263157611
84972419615
84903781427
84948886868
841638120846
84904042818
841663125836
84988543038
84988517710
84988826130
841678679649
841295261923
841627231104
841205777530
84902486888
84913297162
841683286625
84937106666
84989068885
84902224555
84983898889
84912513164
84902260028
841686983420
84915488646
84925468688
84973810373
84983557681
841692606456
84938032631
841646451451
84903406278
84949599898
84914579181
84904304674
841634405606
84945191120
841666836836
84984235726
84935617777
84983617777
841652892837
84985480126
84914295990
84938446227
84986322228
84976667406
84972629999
84973309329
84983693999
841659013677
841659073677
84911140666
841696977776
84932363930
84935818868
84945594999
841657740201
84983366788
84974499855
84943502237
84909775396
841299011016
84908876600
84983543516
84948147447
84904332425
84947256288
84979144122
84983544793
84945588344
841282133403
84942928699
84903442660
84912262116
84903429698
841234299279
841867026922
84983679666
84966107788
84963745197
84949559898
84972291907
84963471930
84963471930
84935365288
84973361888
841646533186
84977803617
84968888886
84913560261
84913221314
84981831369
84975705424
84982238369
84976596528
84933060555
84972771268
84985299658
84943191219
84936131369
84903265939
84902668555
84969194642
841638465331
84979089232
84903298181
84974574143
841669764132
84988302323
84936269840
841649366561
84933533777
84909726034
84903275888
841644634656
84964756096
84902789666
84946401279
841696145678
84986823080
84902941190
84913500289
841636009203
84902472666
84912815283
841665596936
84905213418
84966283189
841866794823
84968666664
84917791898
841692782541
84935568999
84974413611
841684243706
841655855277
84912628844
84169530155
841695301551
84914751111
84913526759
84904226608
84904100438
84964071050
84917746789
84918649658
84169234260
841692342600
84904039595
84986092343
84913231919
84967811250
84933160606
84933211269
84906120478
84945468951
84911096268
84975932832
841662585422
84906215293
841646421964
84947009100
84936424228
84978666669
84973955665
841644807073
84968778688
84976555904
84932087888
84984624632
84912336789
84939869999
84902299491
84981118179
84975998979
841697493123
84986668616
84962726789
84941900812
841642468123
84918069023
84986509739
84966156582
84966423113
84906163691
84918061881
84974963939
84988666483
84963660606
84968121315
84963660606
841636320392
84913005665
84935258988
84983595064
84967582963
841693322993
84934270959
84913513930
84934966715
84912929191
84912363676
84982323676
84985833286
84965389255
84912991973
84909835113
84986037846
84983921230
84986877769
84903285313
84985528866
84914391585
84973992992
84915310025
84945819661
841869142362
841657147273
84938878899
84985028888
84984057827
84962941500
841639582236
84943829578
84944894028
84903252908
84977036668
84939066667
84932658668
84913238835
84913378463
84902121221
84942050906
84972912268
841648550105
84985863589
84987928560
84905581992
841234377499
84938069068
841664705548
84974466295
84903432566
841672724434
84977718888
84936011339
84934102955
841698620970
841632436676
841676550836
84984317777
841638326209
84988198228
84905760906
84946805107
84913200333
84983149552
841633519714
841636054849
84962358668
84963526886
84904165699
841687240280
84933022088
84913204345
84911204392
84901218889
84903412619
84915898988
84972421273
84963596719
841665743088
84979896587
84936270483
841658209421
84902290876
84984729720
84975969602
84968005009
84936624899
841676209580
84988644630
841663237391
84913229879
841233388866
84972691169
84913631386
841653802800
84913086999
841662899999
84968666694
84945030405
841658022612
84982552882
841668614134
84975767120
84968314716
84969087075
84915152149
84932231115
841687150036
841676067962
84903494969
84914573888
84969304734
84935370759
84903626968
84918793455
84968106225
84904842331
841885159858
84947853093
84967755888
841886343153
84913836898
84989996646
84973922810
84986069226
84966337249
84973210925
84919681268
841689301079
84906658689
84986945394
841222266124
84927396222
84972513106
84904984068
84946244057
841674056579
84915154151
84977716158
841237709909
84965278508
84913121997
84966381687
84972505083
84983560168
84916611188
84943060359
84903466633
84905150090
84936614363
84982356666
84977410666
841689862468
84905868698
84982508585
841697551998
84986580088
84915162422
84913348941
84979148084
841648153998
841638702119
84934531418
841636230256
841203402403
841205319983
84903916886
84925471899
84906227566
84945388180
84902436882
84986060904
84913588357
84913215451
84983223861
84974961496
84937583404
84982137957
84977919138
841689528378
841643332196
84971716266
84903454546
84913565347
84165608859
841656088593
84976316438
84967964283
84903418055
84913818895
84906884477
84971613545
84974011223
841692182101
841646115454
84904496999
84936820001
84968689010
84918598333
84949724505
841659513723
84988323965
84943466667
841684482586
84932233888
84973666776
84986023886
84915539988
84914831334
84948775868
841659678965
84949511294
841668511160
84912912208
84919143355
84912120033
84978787140
84935168007
841654212335
841678086074
841648977289
841696067707
84908092157
84913036671
841664143941
84942657668
84932176984
84911211111
84983601819
84904424095
84903260929
84964490856
84965344604
84976804480
84944883188
84913558382
84987130350
84985414404
841666094090
841632447905
84913336996
84986698896
84985331466
841257571503
84942523389
841644629106
84916529669
841693541975
84978829050
84987932302
84982858615
841674422685
84904010099
84907696336
84904613039
841677055021
84968867722
84979264487
841653625397
841692782725
84966091274
84918704743
84989059668
84943431386
84986318686
84936058085
84988275595
84973292929
84912688800
84968889769
84972995590
84987725411
841627920086
84912075501
84922109999
84986711876
84916069474
84978364126
84976629891
841239257468
84912798979
841292922929
84169655077
84909712583
84918333483
84977002828
84917612730
84948338111
841632404444
84944608986
841696612466
841675795695
84962341123
84987817575
84909613696
84962302255
84978033896
84974746789
84944975068
84986525421
84988866161
84909855662
84904728939
84979962665
84989892232
841667244288
84915199122
841669798999
84967932729
84941376257
84976333469
84994414603
84904498989
841692328516
841663312495
84963943688
84912906102
84972321977
84986677989
84977546690
84916861618
84979677856
841684364444
84944646669
84966129968
84902904440
84968831233
84987432222
841863041150
84932288882
841205957099
84986122446
84979594695
84913811159
84963488345
84917755118
84936630688
84911071655
841642807332
84912082211
841628061266
84987053999
84922223988
84916869875
84938580357
84914027188
84934572682
841658002710
841686600408
841689657897
841636999235
84938301892
84912358768
84918171173
84969600198
84914542423
841634529385
84983922654
841662636095
84969020885
84938168260
84966140895
84936891357
84933322368
84913870789
841252620213
84977465307
84987459696
84915413839
84981824499
84913050123
84981526912
841649846560
84986498786
84962805218
841663166818
84904540034
84903403346
84972814899
84971060007
84914722877
84901426859
841633996672
84967029780
84939798713
84981236246
84989256698
84966167999
84965474783
841299120416
841226725952
841654060856
84966809850
841643702309
841666179630
841282449142
84915022820
84965348080
84965299531
84945702576
841628999569
84934123978
841684745408
84915936956
84997118668
841289764954
84971233246
84984380501
84946269826
84988778106
84948905891
84989845144
84941045484
841647205390
84912580162
84902260193
84988823189
841656906422
84913997626
84918464405
841653690332
84917328580
84912228896
84948301835
841652556789
84981747486
84971911239
84938883262
84906279115
84936367499
84947488138
84975880006
84912450259
84995427937
84934099770
841679254060
84988567999
84937506666
84902090030
841645227944
841234888592
84967653956
841675741916
84901341879
84917722819
84987980841
84941259679
84933987722
84988553227
84982161010
841667278403
84909280491
841656438688
84986442374
841689299805
84942152271
841267381789
84908906223
841652675695
841652307075
84165343341
84962879399
84984893507
84944620181
84983682468
84165609643
841656096430
84966182928
84934416370
84947896618
84962269446
84986966867
84965038125
84966010764
84942509999
84909239197
84902145805
84911060722
84968301292
84976523999
84913220661
84982381765
841638004667
841682496094
841233818118
84968977775
841265558627
84982934100
84976682531
84994194379
841663787688
841658946666
841253863918
84986156930
84912244644
84982126811
841677567891
841265431091
84974676666
84975246773
84978343705
84935200914
841265408137
841693088686
84915129169
84969260688
84949843454
84906762299
84913235544
841663228731
84945827734
84961610189
84969699559
84931011507
84997288170
84978388982
84963624953
84916503378
84982398181
841232345593
84947152121
841236642929
84932096866
84949933299
84969882684
84974172222
841662621875
84984269078
84911124946
84913917090
84987349683
84983688688
84934444139
84906845279
84962212424
84985003484
84983513930
84942666604
84901778904
84946695073
84982122242
841694278888
84975203890
84982284486
84943689283
84973555888
84962688155
84985682695
84962442290
84913209168
84985020225
84969020225
84905071271
841669518171
841257860063
84988597978
841242888818
84915237406
84975876668
84967245899
841647204617
84913801221
84915342256
84913201685
84965856193
84906688887
84942115789
84969494161
84904867577
841632882222
84936003238
84913207200
841658550798
84964992262
84943572446
84984679962
84912811822
84983968661
84973640204
84934593538
841629455646
84902535505
841203143907
841695418817
84917758491
84982844693
84972760088
84981038289
841642947811
84169683996
841696839960
84982683456
84996559686
84903420790
84913213365
84914406465
841682072686
84986740433
84965308138
84966491446
84916293697
84912170214
84949731789
841253676983
84947445555
84961528997
84917862386
84919001468
841686872110
84996808532
84919800540
84936348922
84964970888
841247246655
84916838132
841638765880
84963190896
84963190896
841692039986
84966381499
84976897777
841675109807
84996792040
84919733664
841654424475
84963688972
841865172956
84913266851
841867855231
84905679302
84901488239
841223367694
841626420130
84969837209
84986291111
841273225225
84983839968
841232987639
841213508697
84905948788
841677331521
84939232868
84917703166
84904654019
84963946678
84963946678
84981891862
841652806096
84944070070
84938793413
84986751297
84961478347
84935369852
84981804376
84968724666
84169336446
841693364461
84975950555
84902467566
84903419968
84987610188
84987600188
84943342318
84903488393
841658521877
84915450034
841662127070
841239573133
84939078081
84989951999
841642710155
84904554496
84986446369
84961012783
84963978185
84936448023
84982181179
84943979866
841643370937
84901210887
84901955591
84967550337
84912734666
841626066667
84988989695
841257294679
84913460444
84913203725
84911323158
84902170053
841288999928
841685704769
84935941650
84965400457
84965365486
841867858403
841658273871
84169646281
84981025776
841659926082
84969998902
841234629776
841658461502
84914399086
84964433678
84977348762
84979684031
84988570752
841657778670
84932735981
84973482262
841274984061
84916890690
84941845668
841628436611
84908267225
84972970640
84902471174
84908003803
84975111208
84941170390
841869823379
84906816369
841248185185
84914921067
84981663835
84989434634
84988092020
84948735112
84967498684
841644009003
841889628834
84945622495
84961692663
84987603193
84945137122
84964485369
84935192269
84928178052
84983268866
84977562999
84901725418
84902818989
84916346189
84984280278
84984282393
84962542906
841656458922
84947693143
84907780041
84965199226
84975710713
84902211795
84169521328
84975466858
84974089365
84906209896
84918505253
84902212266
841655420992
84917719611
84936143392
84968594668
84908727111
841206875098
84961600870
84936071176
84936312947
84944142054
84169294770
841656839078
84901915959
84937647272
84969794111
841212198888
84902107666
84974734015
84915370421
84967820410
84913221269
84165793518
84967981006
84943868698
84911191879
84937179999
84903435519
84902145193
84934924777
84904773577
841256400409
84917330000
84974661166
84989331499
84907501179
84908181690
84942212223
84983941369
84903402178
84923386789
84988268868
84905516688
84987386677
84913805673
84903417484
84911581980
84989199882
84913262645
84906007999
84988723928
84933331286
84915990099
84966838899
84969877777
84983896288
84976920976
84982666669
84904078286
84907641589
84946861268
84913542468
84978587838
84989861636
84936761010
84912072486
84903409797
84903448222
84981068088
84903466949
84982525252
84915919299
84908445485
84968978989
84989918888
84935668688
84969607562
84934338585
84945891989
841698991988
84915066886
84983909928
84902174567
84989889769
84932206996
84913225597
84902193858
84913560079
84904865533
84916590999
84983255689
84946655779
84913234560
84904971234
84938696932
84903486886
84963444468
84934563388
84934286838
84912601446
84903401673
84902077444
84947025555
84905041989
84944123258
84903249860
84916005999
84979732123
84931290000
84949946666
84917393945
84901288388
84949368585
84973033338
84915254576
84934272799
84912883191
841239679831
84904038888
84903439069
84968566265
84963189999
84913510072
84969802222
84983421369
84916999810
84984828132
84912488886
84913010203
84962010590
84938666163
84903277944
84913542373
84913389888
84983694008
84903414882
84968986611
84963530612
84934631890
84926006979
84949993829
84913399433
84961757777
84935931979
84919190868
841244018888
84983602262
84902078355
84903245123
84905896688
84933998800
84973043388
84903481818
84989287389
84987783513
841696918191
84969692999
84919916699
84975663663
84946068668
84976751571
84913358079
84975891635
84975699776
84915452222
84913283446
84915553000
84903204693
84914271009
84978395968
84974480268
84917114455
84912067577
84966461975
84936116666
84903408949
84989322668
84903454643
84904280975
84915122011
84983572349
84912343535
84909006855
84913213471
84961511888
84903264246
84913861468
84912423555
84909049968
84982668892
84904299088
84936281768
84936101396
84968208159
84934567920
84963069133
84912929630
84988205085
84936282239
84935225253
84976198899
84933399683
84975651612
841678569999
84962108386
84929393789
84906006309
84912321000
84912500096
84908573543
84903455605
84904463456
84913208090
84902029009
84913508667
84963901284
84963901284
84936186888
84988717126
84986229966
84934290988
84912379494
84909399899
84986986722
84906207777
84903239197
84904439747
84965756667
84905758118
84934869689
84903436338
84914448905
84941442222
84985453525
84902148558
84936046926
841672500957
84969226689
84937643333
84945054313
84974818281
84986586671
84989799888
84925343434
84913558338
84984237998
84986855968
84964965555
84904858558
84903432534
84978100586
84905530031
84903482868
84905423456
84932225678
841692564889
84944066206
84918066022
84983525487
84915555585
84913088847
84946096589
84933132288
84913215047
84984221111
84941516666
84916608686
84942555668
84915897789
84983464646
84903122486
84966033333
84905626688
84962264554
84977998668
84904784768
84936668523
84913526555
84969220099
84908430481
84905246666
84947496440
84945651990
84904488888
84915332332
84916586811
84912344678
84913217376
84901808899
84902699779
84904134488
84905688668
84966345666
84912139951
84983741368
84912304000
84932339296
84985948584
84944000088
84916288889
84904808489
84912369993
84914114998
84917896161
841689526666
84983291828
84906269196
84936588858
84966585858
84913213346
84913599914
84903616096
84986539999
84903416476
84908425686
84973826791
84975839968
84904070407
84978959956
84903430193
84919385222
84908662929
84902487696
84903006999
84913512351
84983888883
84912123374
84934175286
84913564657
84989136666
84913212260
84913001568
84969299880
84904011001
84983061285
84918333523
84912960060
84986860101
84982169103
84962828266
84917586789
84904052828
84963598655
84904666555
84978256668
84983663555
84906168186
84944345786
84936800848
84916433486
84912993663
84903405811
84978809999
84913212286
84903220358
84984995997
84917923130
84913501361
84948580585
84949229986
841238668168
84913001359
