100004152782421
100005860445815
100013055316179
100005860445815
100005860445815
100005860445815
100005860445815
100005860445815
100005860445815
100005860445815
100005860445815
100005860445815
100005860445815
100005860445815
100005860445815
1255808731764039852
1373914886015151906
1464926668552347936
1442850155573251409
1245751888683088215
1245746978478503995
1416394534589318858
1409936378913647490
1272950947454955314
100005860445815
100005860445815
100005860445815
100005860445815
100005860445815
100005860445815
100005860445815
100005860445815
100005860445815
100005860445815
100005860445815
100006491274801
100005860445815
100005860445815
100005860445815
100005860445815
100005860445815
100005011750740
100005860445815
100005860445815
100005860445815
100005860445815
100005860445815
100005860445815
100010577078989
100005860445815
100005860445815
100005860445815
100005860445815
100005860445815
100015832210460
100005860445815
100005860445815
100005860445815
100005860445815
100005860445815
100005860445815
100005860445815
100005860445815
100005860445815
100005860445815
100005860445815
100005860445815
100005860445815
100005860445815
100005860445815
100005860445815
100005860445815
100005860445815
100005860445815
100005860445815
100005860445815
100005860445815
100005860445815
100005860445815
100005860445815
100005860445815
100005860445815
100005860445815
100005860445815
100005860445815
100005860445815
100005860445815
100005860445815
100005860445815
100005860445815
100005860445815
100005860445815
100005860445815
100005860445815
100005860445815
100005860445815
100005860445815
100005860445815
100005860445815
100005860445815
100005860445815
100005860445815
100005860445815
100005860445815
100005860445815
100005860445815
100005860445815
100005860445815
100005860445815
100005860445815
100005860445815
100005860445815
100005860445815
100005860445815
100005860445815
100005860445815
100005860445815
100005860445815
100005860445815
100005860445815
100009075424058
100005860445815
100005860445815
100005860445815
100005860445815
100005860445815
100005860445815
100006085035734
100006085035734
100006085035734
100006085035734
100006085035734
100005860445815
153520405057193
100009189433556
100005860445815
100006507758005
100006507758005
100006507758005
100006507758005
100005860445815
100005860445815
100005860445815
100005860445815
100005067438796
100009366136266
100006320651262
100011706334525
100004319832576
100008461427769
100008461427769
100008461427769
100008400785126
100009366136266
100009366136266
100009366136266
100009366136266
100009366136266
100009366136266
100011706334525
100011706334525
100011706334525
100009252229844
100004658762231
100005048649124
100009366136266
100008220307346
100008068429136
100005860445815
100009641164432
100005860445815
100009641164432
100009641164432
100005860445815
100005860445815
100005860445815
100005860445815
100005860445815
100005860445815
100005860445815
100005860445815
100005860445815
100005860445815
100005860445815
100005860445815
100005860445815
100005860445815
100005860445815
100005860445815
100005860445815
100005860445815
100005860445815
100005860445815
100005860445815
100005860445815
100005860445815
100005860445815
100005860445815
100005860445815
100005860445815
100022290878925
100005860445815
100005860445815
100005860445815
100015702886685
100005860445815
100005860445815
100005860445815
100005860445815
100005860445815
100005860445815
100005860445815
100005860445815
100005860445815
100005860445815
100005860445815
100005860445815
100005860445815
100005860445815
100005591447891
100017428747750
100017428747750
100017428747750
100005860445815
100005860445815
100005860445815
100005860445815
100005860445815
100005860445815
100005860445815
100008461427769
100008461427769
100008461427769
100008461427769
100008461427769
100005860445815
100010358778583
100005860445815
100005860445815
100005860445815
100008445663880
100005860445815
100005860445815
100005860445815
100005860445815
100005860445815
100008400785126
100005860445815
100005860445815
100005860445815
100006181536145
100005860445815
100005860445815
100005860445815
100005860445815
100005860445815
100005860445815
100005860445815
100005860445815
100005860445815
100005860445815
100005860445815
100005860445815
100010230572130
100005860445815
100005860445815
100025971533726
100005860445815
100005860445815
100005860445815
100005089519025
100005860445815
100005860445815
100005860445815
100005860445815
100005860445815
100005860445815
100012523654364
100005860445815
100004165273476
100005860445815
100005860445815
100005860445815
100005229557747
100005229557747
100005229557747
100005229557747
100005860445815
100009366136266
100009366136266
100009366136266
100009366136266
100009366136266
100009366136266
100009366136266
100009366136266
100005860445815
100005860445815
100005860445815
100004152782421
100005860445815
100007819719199
100007819719199
100005860445815
100005860445815
100005860445815
100005860445815
100005860445815
100006320651262
100006320651262
100006320651262
100006320651262
100006320651262
100006320651262
100006320651262
100005860445815
100004407974935
100005860445815
100005860445815
100005860445815
100005860445815
100005860445815
100005860445815
100005860445815
100006137895978
100006137895978
100005860445815
100005860445815
100015813846718
100005860445815
100005860445815
100005860445815
100005860445815
100005860445815
100005860445815
100005860445815
100005860445815
100005860445815
100005860445815
100005860445815
100005860445815
100021269301742
100005860445815
100005860445815
100025100738647
100005860445815
100005860445815
100005860445815
100005860445815
100005860445815
100010711170233
100005860445815
100005860445815
100005860445815
100005860445815
100005860445815
100005860445815
100005107276630
100005860445815
100005860445815
100005860445815
100014327743452
100005860445815
100005860445815
100005860445815
100005860445815
100005860445815
100005860445815
100005860445815
100005860445815
100005860445815
100005860445815
100005860445815
100005860445815
100005860445815
100005860445815
100005860445815
100005860445815
100005860445815
100005860445815
100005860445815
100005860445815
100005860445815
100005860445815
100005860445815
100005860445815
100005860445815
100005860445815
100005860445815
100005860445815
100005860445815
100005860445815
100005860445815
100005860445815
100005860445815
100005860445815
100005860445815
100005860445815
100005860445815
100005860445815
100005860445815
100005860445815
100005860445815
100005860445815
100005860445815
100005860445815
100005860445815
100005860445815
100005860445815
100005860445815
100005860445815
100005860445815
100005860445815
100005860445815
100005860445815
100005860445815
100005860445815
100005860445815
100005860445815
100005860445815
100005860445815
100005860445815
100005860445815
100005860445815
100005860445815
100005860445815
100005860445815
100005860445815
100005860445815
100005860445815
100005860445815
100005860445815
100005860445815
100005860445815
100005860445815
100005860445815
100005860445815
100005860445815
100005860445815
100005860445815
100005860445815
100005860445815
100005860445815
100005860445815
100008069860057
100005860445815
100005860445815
100005860445815
100005860445815
100005860445815
100005860445815
100005860445815
100005860445815
100005860445815
100014881205052
100005860445815
100005860445815
100005860445815
100005860445815
100005860445815
100005860445815
100005860445815
100024141993603
100005927148488
100005860445815
100005860445815
100005860445815
100005860445815
100005860445815
100005860445815
100005860445815
100005860445815
100005860445815
100022918784771
100005860445815
100005860445815
100005860445815
100005860445815
100005860445815
100005860445815
100005860445815
100005860445815
100015449191575
100005860445815
100005860445815
100005860445815
100005860445815
100005860445815
100005860445815
100005860445815
100005860445815
100005860445815
100005860445815
100005860445815
100005860445815
100005860445815
100005860445815
100005860445815
100005860445815
100005860445815
100005860445815
100005860445815
100005860445815
100005860445815
100005860445815
100005860445815
100005860445815
100005860445815
100005860445815
100005860445815
100005860445815
100005860445815
100005860445815
100005860445815
100005860445815
100005860445815
100005860445815
100005860445815
100005860445815
100005860445815
100005860445815
100005860445815
100005860445815
100005860445815
100005860445815
100005860445815
100005860445815
100005860445815
100005860445815
100005860445815
100005860445815
100005860445815
100005860445815
100005860445815
100005860445815
100005860445815
100005860445815
100005860445815
100005860445815
100005860445815
100005860445815
100005860445815
100005860445815
100005860445815
100005860445815
100005860445815
100005860445815
100005860445815
100005860445815
100005860445815
100005860445815
100012670983364
100012670983364
100005860445815
100005860445815
100005860445815
100005860445815
100005860445815
100005860445815
100005939493190
100005860445815
100005860445815
100005860445815
100005860445815
100005860445815
100005860445815
100005860445815
100005860445815
100005860445815
100005860445815
100005860445815
100005860445815
100005860445815
100005860445815
100005860445815
100005860445815
100005860445815
100005860445815
100005860445815
100005860445815
100005860445815
100005860445815
100005860445815
100005860445815
100005860445815
100005860445815
100005860445815
100005860445815
100005860445815
100005860445815
100005860445815
100005860445815
100005860445815
100005860445815
100005860445815
100005860445815
100005860445815
100005860445815
100005860445815
100005860445815
100005860445815
100005860445815
100005860445815
100005860445815
100005860445815
100005860445815
100005860445815
100005860445815
100005860445815
100005860445815
100005860445815
100005860445815
100005860445815
100005860445815
100005860445815
100005860445815
100005860445815
100005860445815
100005860445815
100005860445815
100005860445815
100005860445815
100005860445815
100005860445815
100005860445815
100005860445815
100005860445815
100005860445815
100005860445815
100005860445815
100005860445815
100005860445815
100005860445815
100005860445815
100005860445815
100005860445815
100005860445815
100005860445815
100005860445815
100005860445815
100005860445815
100005860445815
100005860445815
100005860445815
100005860445815
100007855443840
100007855443840
100005860445815
100004117786724
100005860445815
100005860445815
100005860445815
100005860445815
100008002030548
100005860445815
100005860445815
100005860445815
100005860445815
100005860445815
100005860445815
100005860445815
100005860445815
100005860445815
100005860445815
100014182714037
100005860445815
100005860445815
100005860445815
100005860445815
100007066425018
100015990737454
100005860445815
100010244716196
100005860445815
100005860445815
100005944175888
100005860445815
100005860445815
100005860445815
100005860445815
100006678252432
100011706334525
100011706334525
100011706334525
100011706334525
100005860445815
100005860445815
100010928798509
100009558256972
100011706334525
100005860445815
100005860445815
100005860445815
100005860445815
100002707675563
200708514063288
100002707675563
100005860445815
100005860445815
100005860445815
100005860445815
100005860445815
100005860445815
100005860445815
100009252229844
100009252229844
100009252229844
100005860445815
100006267887433
100012835051581
100009147399005
100008572544317
100000196558565
100008850188237
100005860445815
100005860445815
100005860445815
100005860445815
100005860445815
100005860445815
100004319832576
100004319832576
100004319832576
100004319832576
100004319832576
100004319832576
100005860445815
100005860445815
100005860445815
100005860445815
100005860445815
100005860445815
100005860445815
100005860445815
100005860445815
100005860445815
100005860445815
100005860445815
100005860445815
100005860445815
100005860445815
334351290307052
100002860224356
100008179068833
100007304297956
100006817848365
100005860445815
