100021622443046
100016587013931
100029646932427
100009406516374
100029320032710
100008124101064
100012805849696
100001766015194
100005360820057
100000275888784
100000021054983
100002490332905
100004265113755
100022930592346
100016165666753
100029291082259
100009469181793
100006825679384
100016716948399
100004744390843
100009807811578
100019180175866
100011630116606
100014168619580
100003612110746
100028283022121
100010303096149
100003669774076
100013511145469
100029271588206
100024993554765
100000284680286
100001707434391
100019065401566
100006684363356
620909757
100003847857164
100002118885238
100029180475662
100003679076171
100011883611900
100007951870736
100000274564330
100027978821120
100009864097103
100008188155248
100011172078122
100021879424494
100004802351693
100027903436074
100027591554076
100004928825782
100003205162871
100004246727627
100028958970790
100003303046589
100028477327322
100003640649230
100029068359000
100006271156862
100003651977781
100005606252205
100003710994988
100025447806912
100004691521382
100006436136323
100023888924961
100010511161009
100001463101634
100027987576109
100003293954386
100005016962517
100028606480966
100000966488322
100003273432904
100009140376232
100027517544739
100028186995884
100028275121580
100015813390805
100010337383745
100009590197686
100003820232366
100027699942576
100009422560344
100008389306793
100010425280237
100009679817045
100009431049688
100012602075809
100008422818710
100028612183729
100016547619966
100028811480031
100026529252696
100010107576404
100028780582501
100000066792900
100028516673748
100015409512993
100010199503351
100028660425732
100013448354496
100006845688895
100028824333408
100023588030407
100006147401569
100000102096231
100026007788625
100003093245489
100023640634780
100006464460269
100003092340285
100027707735018
100003074317074
100000806354453
100027991276329
100007128970687
100008570868195
100000506820946
100003998359157
100003204810114
100004112732390
100002250025482
100023829756257
100009374696407
100001401030827
100012048219918
100015919725013
100028492403266
100001080975400
100027206988298
100003524227996
100028215436380
100028310464484
100028575073424
100028162726643
100002977631472
100025777012516
100003686760553
100028421798978
100028735380103
100013104243190
100009289570158
100003963001951
100028316358059
100008978554366
100000181370379
100026598943149
100028494994825
100008478374029
100009289925454
1604850823
100024863634328
100002499863218
100001509572765
100026275542115
100015401384437
100004624444992
100002908343519
100002678962257
100028369693717
100006947778403
100003055561718
100000516540785
100012056531665
100028226580015
100026987749179
100013058026499
100028405508737
816845012
100014392210320
100003108455132
100028040598374
100028194711095
100003688033253
1028743298
100006458755561
100025460919941
100000219290806
100006063995049
100024546592223
100002324635433
100003464636129
100022719614063
100002757241511
100028255569744
100004298462263
100002926457785
100028098674611
100003671360510
100006898684122
100028048547727
100028216297847
100002319652043
100009443033734
100005458503713
100010234928065
100025328315674
100000202711925
100016121132037
100024836383615
100005837471538
100004878812161
100000047643762
100003714438822
100011498655017
100005146899822
100009079059117
100004389301103
100015038498220
100002995159755
100025558086804
100004066037595
100010774920300
100013088178031
100023677011819
100004069374162
100007249174586
100000344703453
100024771284139
100004241621287
100009279923108
100027957968773
100027704495497
100004797881480
100028057005154
100003868292751
581475913
100026900870141
100028197242135
100005100969201
100027704282605
100002813870295
100028064589239
100000418284707
100001683561019
100028065310434
100000180776901
100025029609838
100024846348800
100028187250261
100004468056144
100006628443626
100011779023559
100028040799029
100000883004369
100000120177369
100003023125780
100012241509109
100017187183098
100027925395497
100002923494109
1787876231
100003153337960
100006537883834
100006900607497
100001837582948
100021647375428
100027074087507
100027931980103
100008485927480
100024733794167
100027282961007
100024904581197
100003784622639
100003486857744
100000250557489
100025833983061
100025088911433
100013169778698
100000146512782
100004382075024
100014903478672
100002952947566
100009527328949
100002395942401
100015935325412
100006971017707
1275805966
100027371080661
100004225727364
100003889343930
100005195794641
100004502976643
100027627193437
100005371116258
100012440416495
100017296328415
100002618971454
100010081715459
100003938706354
100001171306512
100008145454827
100002968764478
100004012700293
100003959170775
100001864968644
100003135290521
100003641755326
100024857020988
100015657187103
100000158070559
100024042202608
100004929395570
100027037987624
100006454396923
100027885871686
100007058386168
100003725304840
100027916710091
100000504759480
100027660526433
538507621
100000901811644
100025295299822
100008300802583
1846446756
100005124907243
100026858421943
100006402998851
100000268628179
100001577790300
100004157045228
100004370828424
100002493260297
100000043209246
100026409576059
100025479292200
100009678245867
100004206185329
100003283286312
100004783951862
100027331578029
755062156
100008338094177
100003048005062
100027607392871
100005868011868
100002775646313
100019639904924
100003099248119
100023909797721
100008623713645
553549515
100027748922115
100007865854259
100010341309547
540935693
100004483449432
100006374070519
100000117207548
100003610756481
1701801823
100010218124350
100027630633362
100002379837545
100003096846732
100016284190191
100005693162598
100008711645677
100000122089589
100027083595486
100027273465969
1443775237
100003602191379
100027376763687
100005689779185
100002443777396
100000527950786
100017911002205
100010472161010
100011080779092
100011798044646
100003789470268
100012284197857
100008347783660
100005858472507
100021180952007
100026487344298
100010419155667
100011122333961
100023838284680
100002704824871
100027379698020
100022816275443
100027338842147
100027009733515
100026748338408
100007478287382
100001738180626
100023893541043
100002956151453
100003296334314
100027254602917
100025422768195
100007592778385
100006429838289
100027262220648
100027444488232
100003219666768
100025272338771
100009372975046
100003264733297
100023352004335
100010148591267
100010206940045
100016253140169
100025837489148
100001569043331
100008500784823
100006428476240
100027148284284
100017216685378
100012019099259
100022444621392
100004512844477
100015012615474
100001348925449
100027046612015
100002145696537
100027325261531
100027135142115
100005007215301
100010213246940
1841148385
100027315450863
100000102449285
100007817970557
100010875433879
100000274720419
100004130264468
100000100658072
100003248833320
100005534612959
100022744082545
100000211034425
100006722888223
100014027828010
100004412225934
100003924402025
100002852393153
100003965090394
100024325275010
673005228
100012807450473
100025730854531
100007874955591
100002670132722
100004408538849
100026952383792
100001673554241
100001155042846
100025659090560
100008147255363
100003814874686
100015852000211
100001533410191
100003513175407
100011513824243
100026514586332
100012438162171
100026698051616
100022517779281
100010427055714
100024888496040
100018675162034
100025876010024
100007462081601
100026063351192
100026977877600
100005224839407
100002906172868
100003180053089
100018257284706
100003670545047
100010087142817
100004285749630
100004906590073
100001868887990
100003926189134
100024485418974
100024652037764
100027074046586
100005354689116
100007033774766
100002370264788
100004429955713
1174113335
100004400476918
100007035219431
100005107653789
100003119790506
100004329182412
100004614518017
100026003166094
100009762034199
100008450743045
100004049306552
100023647605184
100009502647758
100025856598256
100001108695381
1253757976
100026692283841
100013536611575
100018191671479
100009423079332
100016816547679
100006884192874
100009171750109
100003546199127
100016090260916
100003184197014
100021463010852
100012204195181
100001210263085
100013106136948
100016561567940
100024601608513
1479447840
100003089297210
100000269353072
100009481660209
100004466382160
100007763042664
100026709914000
100001592326194
100003175220081
100000390908237
100016071402575
100025370954778
100019831089367
100006643901406
100000049487394
100009104608015
100005658668950
100001835636135
100022536224331
100003672785473
1781504158
100003594308691
100003069710812
100026734262230
100026687285584
100018756612817
1777257690
100005848594637
1367725464
100005756329442
100003721692032
100009691361118
100009111890005
100003003982889
100005926476856
100005786501415
100005818985164
100001485490645
100015320803140
100026603710654
100025117899468
100008260140552
100006029861050
100004535949243
100015398855609
100001411937969
100015587709817
100010271599207
100012365705019
100003174759446
100023834526705
100024994188049
100004423411901
100004039346094
100004708836135
100009622818752
100002585927431
100005880273179
100024512089229
100001079317060
100021923303028
100005558289592
1547924677
100004989993379
100016705632925
100003140084855
100000217816847
100003998449221
100026342292566
100026474414276
100022678400763
100001591352376
100009927160662
100001894066802
100003956410549
100000104581713
100024426489996
100026538040332
100026552555346
100024685507685
100001574960365
1076610778
100017913077204
100003741409690
100022052405968
100026350759164
100004118952545
733686964
100009419563415
100001727251113
100026450919988
748468426
100011527992757
100007083781020
100014968606965
100010334166322
100011570104918
100026298009824
100020744203676
100004965965951
100026462704534
100026509381871
1826424304
100021742372770
100025338637252
100000096263891
100012708392998
100006021120829
100003330991465
100007824249878
100008482215455
100001787957256
100010149312050
100002813999071
100010193794802
100025957744953
100025929579846
100003683024019
100009752505499
1713739063
100026272001839
100005468525647
100025101247888
100002113162647
100003949308934
100021873863259
100000286554263
100001988414163
100006198961287
100002881590012
100004252957527
100000136386612
100002522044597
100022627338880
100006104521754
100004212963867
100025834044253
100001352935620
100025703814283
1327517874
100003267698796
100004071459735
670510675
100008278503837
100006746284602
100000112827256
100009468688983
100003320197720
100026192562523
100024440706343
100003688095718
100004184591990
100006868897228
100012859999152
100012679083924
100026168471292
100026138030367
100000066042408
100004038530725
100014910346025
100003802417628
100026168114818
100026160254572
100008322007359
100009331124790
100002381234213
100009426998679
100009333134051
100004160106733
100008233293952
659497141
100003832768712
100004671068098
100015219936865
100005271634321
100003079957347
100007742383762
100002752719745
100008532464245
620231334
100003952577892
100002888038172
100001645905715
100025659942958
100025756493049
100006899984569
100017697124556
100013486512647
100007570864080
100007273423468
100001368834587
100025382172991
100012226335936
100006476730591
100025950704365
100002833126840
100010242272897
100004647063039
100026014622293
100000519088922
100014598792011
100007618026235
100025657683480
100020240466874
100008221662283
100000386285198
100004202017764
1804239171
100006952297123
100015786219569
100000212050753
100002503834493
100022284170154
100010602497298
100004653722588
100000483882769
100007732750466
100005601188773
100003871034682
100000302079957
100022505540132
1740177151
100014061098413
100002499762443
1241346849
100004146874800
100000503418032
100025351807608
100003757360481
100010266610923
100023627687492
100001755951921
100008818892688
100002952872417
100019097327895
100023753408536
100006223563333
100012839588441
100009137110321
100005743891951
100024899413153
100000294446259
100003522374056
100001600660799
100005656713183
100007331719313
100025271520714
100004478971419
100025709468866
100004580498373
690679101
100001098008824
100015369554099
100001570475504
100009395177069
100001772978064
100004148023206
100003755689854
100005964228062
100017428481333
100024592785589
100005264611282
748674497
100025622740443
100003660007039
100003040131650
100025646165940
100003994343724
100015646902408
100000453501008
100002300026684
100001677679018
100000621767863
100024046477989
100000877380746
100009525261482
100015518989396
100025620632922
100006444690868
100006990007261
100023085680427
100025297817455
100005502553379
100024712232800
100009484970888
100004102850657
100025327249918
100015501874085
100025362172055
100022606452943
100022795239982
100021380862239
100003806934920
100015580276502
100025203880256
100005942569149
100025472324665
100010833730545
100009825405486
100022743737159
100022718360467
100021808961160
100004625375730
100000290835496
100004336782952
100022730688608
100002257656159
100020891260136
1681697824
100003743925012
100025493735974
100007193310249
100007142613333
100000150709491
100005581507620
100000127208764
100009607578948
100025449397005
100010420425915
100000038755163
100008374862781
100006813036201
100025470933499
100003257005046
100015816762564
100003879846491
1817887788
100011701422176
100003678067329
100013266828716
100004518969993
100014939465345
100002513701373
100001755028076
1090907065
100021926708260
100003807728169
100021994118302
100007267238054
100016142855966
1627157400
100001621115361
565694862
100004734882543
100005221448067
100002090970028
100001597283011
100023980421903
100004154372584
100002991515870
100024721431979
100000254946422
100013272697840
100025303958625
100004698642005
100024395951904
100003693222109
100000004408155
100001822347077
100010154234655
100024830940351
100007986731607
100010258688596
100025330055362
100017832975873
100009401212926
100005254833032
100000062488255
100025183584095
1011660963
100024895371790
100024626326151
100005186764105
100005348586868
100010348682413
100009323033111
100009684126454
100011398738432
100005804951527
100006611979927
100010073919088
100014577223287
100004391142541
100006964082490
100000368333971
1175866595
100024618724637
100010105326182
100011421490326
100011722176340
100003846459239
100010534655436
100012867150005
100001154030251
100012400900450
100002988088380
100021137559344
100008103583198
100025260992283
100003653062268
1644162525
100001912123779
100003175604374
100003521949372
100007939805459
100025081668430
100022736584549
100012383650416
100011933238094
100009546084655
100006157243624
100004280775878
100003904558275
100003574556250
100003332310770
100003310152798
100003251290331
100002274167403
100000170521358
100025070678566
100001732222455
100016619950687
100010328585317
100007607327170
100024403862785
100003117099376
100023740612706
100025153920642
100014770334579
100013399384290
100010736641308
100008157460854
100007363597846
100003727849824
100003710767269
100000367373013
759832852
100013259587403
100004029026655
1372978152
100004092652903
100015545770025
100025047035617
100024934434279
100024827836105
100024618043648
100022638660407
100021454781741
100014782145940
100004015040549
1415825717
100011444714438
100002259310971
100022179829908
100007653465885
100024912262017
100022016704599
100010638288082
100004313523020
100000179045017
100002453996177
100014137695437
100009177926460
100007998402807
1815102271
100005101208188
100001755463937
100009104862482
100003617735964
100001768003699
100021927664739
100024986165583
100024868903838
100024785659826
100009510939109
100004501992068
100011224597501
100004895583328
100024946470746
100009159465355
100003776770282
100024893886449
100004503783691
621219171
100005578770972
100003927676712
100013065487781
100000186350883
100024926225656
100005705326560
100000580829041
100024870854210
100004765780188
100006559233029
100003036377784
100003546202914
100017009294372
100003279482118
100022602630708
100024764933881
100003164704132
100003104481421
100011745762262
100024853660741
100014083960976
100002393384346
100014196842448
100005553586186
100006787651301
100023110070074
100004364413267
100014371564695
100003178621358
100021124301924
100008313605402
100006988158767
100021836050914
100003515472350
100000175085407
100015621092477
100003919042328
100008485637843
100008470684012
100024774705278
100003558913449
100024734868764
100004234838626
100003703668350
100024811149087
100000296911015
100023453000758
100022804809584
1049876191
100024688304175
100004031354523
100001665259960
100003899752172
100023939709029
100003117621816
100003780960013
100024649900331
100024708902696
100006639515061
100005226133020
100023711536251
100006918338709
100005034150639
100005310813304
100004103910537
100001028300869
100005408506224
100002104765611
100002745968580
100002346290918
100005460709239
100005942203842
100024600433645
100003361003418
100000420252749
100023866776548
100000293123138
100002887888555
1127905109
100013224968842
100004659451359
100003282410002
100006206678804
100024548387506
100012513705114
100004629065678
100003761081131
100001495679074
100004585503469
100009563073945
100005506356163
100024014946673
100010194970222
100007392546973
100024571056894
100001967462767
100009615072559
100000147237289
100001289706940
100004059800565
100006590230842
100021795678669
100001668938839
1037902388
100003665041323
100007786721942
100003880566644
100013996249008
100001744309646
100004505116467
100007876956409
100004065459019
100009281947562
100008285177932
100000371400861
100006217770102
100003690951700
100005752506305
100008126523869
100003105661037
1013419688
100006042432577
100024077483981
1387185987
100002778486761
100007500642667
100000224270384
100004288218535
100005022637499
100009851790811
100004035985671
100004587513078
100001710235829
100009697873218
100015944193713
1365346606
100001752895802
100007407193868
100001672595408
100023247949577
100021947381434
100005271582054
100024054934184
100003828338964
100008198565091
100008179504072
100014021895271
100009144555163
100005111955123
100001725324201
100006878648888
100000025487963
100017264613377
100003810946464
100014797514329
100024187771443
100005586828453
100023904412577
100004843055632
100003194640512
100022920665601
100024037990989
100014385061573
100014068562428
100004443999133
100003023483494
100007840472409
100016629243004
100001699035763
100022682835940
100000416196747
100022730403880
100005899840632
100002739516066
100015475920051
100005449414929
100007469915127
723933317
100005480268997
100001282435466
100000396913697
100002753911318
100004756547689
100000369020420
100004477056292
100002917323736
100011198375811
100013271326808
100023875430937
100004508267342
641280917
100015190484557
100003118638447
100023749358908
100006886509816
100007876807196
100001225955188
100013346401641
100023363723570
100022646250164
100022512579622
100009825017958
100006294977183
100005234826466
100004978058568
100004929366544
100003513377932
100001767067836
1851230521
100005182562529
100005070721553
100023855713819
100004810122074
100000279543362
100005741772422
100013452762293
100003176599713
100004561326360
100000694056582
100008133963010
100000434962908
685384666
100022119909098
100004355227761
100016816185189
100003784167353
100021337818208
100023683992068
100014093741584
100019503602740
100004648053029
100002778495598
100020825282045
100014863324027
100011768288142
1695150422
100006111632196
100012979664093
100023743931971
100005112063343
100001735703161
100002804958987
100000339693508
100005346548017
100003104130059
100010292041184
100022598928728
100023647450532
100004146429964
100008704691896
100000304281871
100014724045583
100004600718345
100008971217745
100004968619309
100003770022266
100010402714201
100015073187974
100003134381790
100002992078732
100004612456503
100003221092096
100018810151891
536618426
1513927672
1846092076
100003228941718
100017122630055
100005003283928
100006416529488
100001111311085
100003118402311
100010164937979
100013141482877
100005095565834
509260327
1315977748
100004207832471
100000392919885
100023502611591
100015712361085
100002964741111
1832353813
100003667915214
100018484896045
1298986843
100001295205534
100022462969917
100004348418568
100005751550711
1271641198
100000003107862
100000303524684
100023006272157
100009444866345
100001599642475
100001459602948
100001673667814
100003089597446
100014507705772
100001008671490
100003172033138
100023233508955
100003291729999
100010690933416
100003229911716
100000249903315
100005817122699
100005912475965
100004416765986
100006463557218
100004395464646
100014454559275
100003902553281
100005278063602
100000439294568
100016580500353
100018267725893
100003677384908
100000337225712
100022263665260
100015397023649
100006957242692
100007264031497
100000750302788
100002989364733
100002951946330
100007933789360
100005935020269
100006774137493
100019258900120
100005249252532
100002804039249
100001358010655
100004639330582
100016093035336
100011277556296
100005496935484
100008224921661
100022895962321
100023129833165
1426990122
100001239782408
100004275696609
1544765672
100015586351491
100004262893358
1182781615
100013704375312
100000963843419
100008728026593
100000602729007
100000443566858
100008182933879
100005731413946
100005929366799
100005286732493
100001618143353
100023258529005
100015548020358
100006780632380
100002733928278
100023120589641
100017720250111
100003939198167
100005679752561
100010295943041
100003850599656
100023158788166
100006675571090
100005378659108
100023183285272
100001301396909
100001689545844
100004222841322
100000246248903
100004363931936
100008449723837
100000381210393
100017417225938
100012810349306
100013508775478
100009634682087
1128936389
100005182068908
100002382284949
100003117253874
100002613779009
100012523718135
100001712820620
100014247480330
100000328079284
100022095157001
100011546075601
100008767753138
100004081174762
100010288059536
100013431158042
100007542850794
100001098425780
100008337856661
100004122909254
100010563947840
624548401
100004008563256
100023126524088
100001216968276
100005279351800
100011060910851
100013634143606
100009195840903
100009166407750
100009909135390
100004586370005
100003086721858
100005514137872
100002243998139
100003128565588
100010810699432
100022495428206
100003833340008
100021228390110
100003249207262
100021660522006
100013656390243
100000326072557
100002654358042
100011699507056
100003794379576
100000975540667
100005901699456
726050484
100003197191602
100003077961675
100010540034516
100016659161114
100016480299554
100022832302826
100004206549584
100000260751886
1366278797
100003049582211
100014058575946
100002896768668
100009304358894
100007901447777
100012829982120
100020870704197
100003862101123
100005860473560
100021602783921
100021587003127
100015915036597
100013807760223
100007877590137
100003953446769
100003851774297
100003254718780
100013188638815
100014896514243
100013008102410
100003133350875
100000319057292
100021810887218
100007729562136
100003721053023
100019560013592
100003499215488
1847499911
100018260973138
100009580830088
100007322254960
100003287645699
100003212091850
100000160193514
100004106289667
626409582
1638466931
100004484169353
100015246581913
100006506539668
100017287333852
100022882297537
100009279091257
100000968259914
100007772654724
100005987838039
100004858033166
100009142873277
100022693080197
100001789516556
100010498632477
100010527583950
100021318642315
100022636164379
1682544627
100008114042352
100011314351960
100022733837083
100009281133143
100006549647493
100005975340915
1182878143
100005449211733
100018922149639
100022098244403
100001637966343
100001613908936
100003216972841
100003920754628
100003265166441
100011293787074
100022614258609
707916483
100007082685946
100003936483215
100000179245170
100018088636812
100009553861589
100000880159705
100011646817768
100006035432377
100010589073101
100022578882296
100022657260859
100010601134289
100003051283642
1737541041
100009633465599
100004258117614
100022197111309
100001740251003
100000182471785
100002887158079
100001668298983
100021960497114
100011875718222
100011517014105
100003148734964
100002884792068
100022093664573
100000516860658
100021245952908
100001272575127
100000875303492
716995622
1799283757
100009513221140
100008165972259
100022268000789
100000405724407
100000404531682
741482378
100009790506986
100021946394561
1281928092
564747056
100003174945727
100000513762475
100001528698992
100002757507282
100013808466873
100004027200555
100003469373885
100002987234632
100005013037473
1015754120
1842660341
100003515256859
100005516913750
100014268725143
100004069334530
100021776752592
100001385283010
100021196991933
100008102704329
100007788122917
100007822270725
100003137806120
100000202255461
100003463519986
100010187888475
100004627668470
100009792556389
100009161295097
100001863518985
100002546747784
100002654426684
530875671
100014804432028
100010108301296
100022275214972
100001769545504
100021183581359
100000436715764
100014103520311
100004567548995
100004148617674
100004090994393
1095403498
100004012552806
100005114146135
100005628184845
715066031
100009359763756
100005882738365
100012629581060
100003231592911
100002979764833
100003115803381
100006563492762
100004098090505
100022259619301
100002024906993
100000143142690
100022057027745
100007698372861
100001774477928
100003747393358
100003654706767
539267967
1475391075
100005586666279
100001227411829
100010813415545
1606192717
100013519451170
100001536371570
100006538503536
100009407560328
100000294581724
100002881751361
100006416794159
100015931023568
100003073491659
501569388
100004867891117
100002278738780
100003856046821
100003742554393
100010121860360
100013037716226
100010711723297
100000025526350
100006861192843
100003322441501
100001701614871
100016127851521
100004479162950
100005796188986
100000302894055
100006303314469
1263579137
100000523637478
100003475857913
100003803816703
100002759960917
100021851058357
100006063042034
100017388750825
100004185731387
100012707505722
100003227693091
100006641620140
100006476457547
100000197761983
100005908148511
100010529460332
100001159951737
100005004763851
100010591861579
100003290741929
100006106213949
100005570894092
100004298772979
100002098756808
1366640163
100003502944964
100011336920633
100004952080590
100000610899387
1712184834
100000618559531
100004899104493
100003774004176
100012358058047
100001074341345
100013656395960
100012263387331
100000199272597
100015169428627
100005809098239
100009834043754
100004439610823
100003323642868
100002618503816
100001290855679
100000253543853
594235113
549358963
100021809573556
100021461076786
100006655595563
100004248390621
100003717716449
605605280
100021967773761
100006914677397
100003962773258
100002632745907
100006827461135
100000174670108
100010459479585
100004228474806
100004065053457
100003293097371
100002231823740
100014949185571
100013354479286
100000041444320
100004225661528
100018380475320
100014800669390
100005601674010
100004503062618
1201313031
100006434134874
100004168083668
100004106508367
100002059907887
100000148893521
100009866852187
100000749889003
100004581244742
100005495164073
100004801324129
100009440862597
1287925033
1678152480
100006370512340
100001894078207
100005903112483
100009531933566
100011082826176
100000026242321
100005147225784
100002039823678
100009336893989
100004800547662
1050012219
100000156180490
100000088361965
100002116358102
100001801875485
1653584612
100010299977716
100017691669437
100016750029290
100000095685414
1569221137
100014897085566
100004606984189
100011617060695
100005110922358
100004052658509
100008253098341
687289017
100006162792338
100001561562283
1516644988
100018043443980
100017371840652
100011632395151
100003842840495
100001879060162
100001255572472
100000076111726
1313372847
613596584
100011385162815
100009219452178
100005330595687
100004360742314
100010685564843
100006414484368
100005837132453
100004588866394
100004001784572
100003991826195
100001230845267
100000100275319
1363738097
100021666916036
100009075992236
100006365985285
100005278656293
100004058242280
100000852654477
100008312412408
100021612187846
100014326748357
100001858111827
100006422971185
100004276841089
100018187684983
100015115189280
100005602038592
100003777053057
100000658522127
100013120215648
100008637707728
100001290360603
100009992709246
100019424744006
100014875470242
100005798582306
100004798320068
1472935861
100004124792316
100004873629973
100016271040409
100001374635529
100005795822164
100011465805638
100012291288303
100010258357992
100004890663901
100021395599173
100018107613477
100010154656711
100010028470135
100004890639886
100021526160402
100021163490795
100007186505405
100004080570044
1290324825
100014928550684
100008145792396
100004991357413
100001769493973
100018299509075
100015361155445
100004510327164
100003947211632
100021366892347
100003774174544
100004179166500
100002588636165
100000981538733
100004014352639
100015224171711
100004060418641
100002936083028
100011576355680
100004549861163
610172743
100015692773152
100001532054391
100002748621661
100003049969378
100020851401837
601963342
100007688701691
100005131986393
100006406863372
100015338078739
100001505317229
100001701224931
100018103364753
100005455004508
100016157264878
100009017892410
100009870169294
100004029601549
100005072324647
100014612317758
100001908019050
100003121301817
100006732678544
100007997285780
100003180241353
100018124741458
100006390519712
100010394713767
100015372877749
100020895800478
100009566513562
100003682204061
100000478186263
100001456256075
100006395133297
100017987116657
1571095978
100004529087835
100001631706174
100007198688269
1141660880
1145707324
100002937015699
100003233752932
100000435105195
100009977837261
100011417830694
100000112417356
100000113629869
100003929172562
1040278408
100015130514486
1772882289
100002861903027
100015235785981
100004314429665
100000206651571
100018807048063
100008819310740
100007990230610
100016787656104
100019849422015
100004319446126
1663406586
100003085572103
1746032155
100000244758227
100019023393474
100014107933833
100001237840155
1570302631
1816122210
100009288609538
100016700263128
100014808819748
100000254667971
1053831593
100002676557722
100000354376804
100006515957746
100003753747663
100013768990513
100004927489366
100015782264422
100008775632726
100002718501537
100004188333898
100003626781023
100002241857949
100001867422102
100000020688779
100016788480758
100014540495734
100012479224676
100010601164477
100007562685000
100004364258386
100001558834165
100000259782513
100018908556566
100018763038393
100015936722223
100012416738489
100002993464210
1804372383
100012194119460
100004049247862
100008267410231
100013815159311
100004570350236
100004667443103
100018708701207
100002519110282
100003121023844
100016092550760
100017099322148
100000212840638
100000192390115
1716820162
100012113538598
100017224035035
100016549033484
100004103957482
100003700818398
100000050815748
100014078764652
100003981042397
100003566821218
100003087717558
100018064593687
100011497148943
100010574524613
100003954506411
100002770135149
100001027719770
1053773540
100018204915209
100000224744750
100015825813002
100016365254373
100014245209916
100002747333437
100009511440242
100004254271036
100004157952853
100015154423289
100009704235693
100004144744791
586298817
100003654018077
100017039944200
100011034969156
100003841673239
100003132896269
100001898885168
100001583711556
100002698139236
100017922043939
100004432721981
100011346601074
100017960441372
100004080380171
100002986071320
100001870819001
100009468355676
1737691013
100000048368926
100017628330313
100017783551025
100012468648983
100005306418454
100001384726880
100009382891724
100012017716202
100002535716369
100002896973890
1035248702
100010473076581
100004967280574
100004354893470
100003291758651
100016818393633
1820530665
100001565297824
100004032581470
100000430701710
100016903126657
711491571
1782551970
100007128097316
100017572815019
1787870058
100017649096893
100007802529123
100001647080698
100003659386040
100011175157734
1813942040
100004093839149
100003223009556
100000367441213
100006954945252
100010652225062
100017613735541
100017546417792
100016279063926
100000671039062
100004311490930
100000204217582
100016535252296
100014256433100
100016012393119
100012287898142
100005884843944
100004046633288
100004035596682
100012961098731
100014046376688
100011786498892
100015002027190
100009195317616
100009152961444
100017640782502
100009295629217
785032444
100006794080230
100016496235224
1401369451
100001911720833
100013000417183
100005828317859
100000335225346
100004119397284
100001129059690
100013702423623
100003481374070
100012823515539
100006403772855
100004801264570
100009854044904
100009967508655
100015269834192
1672835465
100003202875418
100017273056642
100015016365760
100002442521844
100004952435564
100003900355823
100004184855440
100003740145587
100013614583424
100008396250719
528198626
100000141811732
100005196847091
100003227233343
100004038734982
100003932165299
100016799761382
100015566048380
100016554611015
100001204894822
100011392048633
100001623713708
1675371972
100009482771419
100015529244964
100011449056839
100011528704031
100003685998874
1839804950
100005955552712
597917478
100016131065286
1613467575
100003869376482
100000012435166
100013742499907
100004276356946
100000274872536
100007751777202
100003550672810
100007343918067
100004410396212
100017077665043
100005655510369
100003756409979
100000112822262
100001595769507
100007303741539
657722106
100005514061424
100001842507428
100017156765606
100013286296380
100001200561826
100003990228393
100009541875684
100004183187261
100011481135101
704413465
100001323315253
100000134979755
100000046484670
100000402436139
100004201951953
100004777304300
100005087506693
100016786906639
100006180940295
100001888038249
100000083418267
100003135604682
100000445847248
100016390636694
100006475602189
551260872
100002460197567
100007344638543
100006412205783
100017014362509
100000335047609
1671881342
100000583093482
100004136797382
100016409859423
100004169374325
100000060288685
100001574840225
100004053282776
100001748231993
100005866321950
100004131932276
1242169990
100004434121469
100016826026199
100004427290507
691084920
100015810665407
100002692315067
100002757923344
100003808811707
100016729832877
100002832579414
100009862050425
100003654511879
100000381251290
100016945779019
100000383958988
100001682941966
100003481008629
100005457307978
100013994058453
100004834265438
100016037927022
100001857711703
100013540152671
100016967883772
504648273
100000081240193
100016097980166
100012436936088
100001451245829
100002929626318
100012738907945
100014286129364
100000295415146
100003047507627
100008850103075
100006689826026
100000133335341
100008492771735
100000443942598
1723678370
1146226735
100006676448774
100016904559251
100005616992392
100015771252401
1230894422
1420231123
638076176
100013940415133
100002317210297
1240607341
100003447677494
100003810327473
100009431179527
100001712758726
100015349456966
100005905441888
100004151342493
100016273547894
100002681753756
100009180862488
100009584744466
100006058030624
100011588922780
100003687182908
100004662061853
100016862222878
100007003501769
100006784531774
100004768562088
100004637356510
100004417332627
100000356610632
100013606688611
100000595672965
100010420067996
100015170597797
100007627543226
100000249639674
100000511770803
1424090406
100001505881918
100005350118725
100004855179346
100000493510647
100005630460198
1032339907
669227534
100014447165290
100000280683844
100016667716112
100004528749970
100000742583635
563054207
100009776388896
100003763473037
100000028826033
100000247145678
586574139
100001723114202
100003678812407
100000709929990
100010468483523
100007616490666
100013351267310
100004258420373
100002760245565
100003732170463
100000076894408
1671800416
100016194197647
100004895473691
100016698875037
100014613695051
100004027471236
100000004918670
100002856608375
840722420
100015587529276
100003976819558
100001472257290
100012565681730
100014521968333
100002766669960
100005247551325
100006341500636
1541559427
100016516273410
100001415157890
100016367895685
100001754162392
100001306376620
100001203420499
100016344996030
738329117
100007095220917
100003248412452
100015671927821
100005713389537
100004063686746
100003631228204
1713743361
100012414278426
100008245961003
100015016816498
1322324630
100005989745715
100005408836282
100004164194377
100005402977881
100009374557400
100004467847326
100016428186430
100015605830336
100012308206904
599600755
100009119844550
100016307418832
100007579293639
100016334953533
100012872562212
1395627517
100006483264494
1810074511
617398362
100010362797471
100006414014620
100006092538124
100009477621759
100014872384894
100004906779412
100001042366229
1262247013
100007493861374
100011000191632
100004728064623
558367929
100016137186441
100007851578552
100003121368814
100004677076389
100000184914723
100003665084266
100003504799459
100016213890605
607444258
100015995174402
100001542175524
100000116639126
100016057601351
100016120920310
100000252497597
100009306602189
100016005969548
100003332551759
100008286472702
100003685342124
100004229293028
100000153175932
100015851923882
100011469679285
100000197128256
100005570288229
705332871
100002278881990
1138671620
100001562714857
100009692560520
1391098430
100003099143046
100006061292530
100007201064020
100002653276893
100000229941470
100013309813228
100004123723272
1360871698
100009237252078
100015761554986
100015353347181
672523109
1752241918
1812553522
100000598652609
100001404649747
100002611917819
100003040332037
100013783861101
100015414497089
100009063934526
100002965943611
100005833147761
100003705037521
100015402667591
100003133551763
100015308258358
100012791853402
100008231919852
1206813410
100005141052230
100010893012908
100002441151515
100013590514749
100015200953558
100003225548535
100004145523963
100015511920676
100015388178823
100003539730472
100013867878163
100014732949277
100011626118926
100001621521678
100006508776370
100001032326754
506143446
100000506591703
100002638744652
100014891959018
100013875371004
677078141
100009471627790
100010541628527
100000448652928
100015158896971
100006418481068
100010434937675
100015407640644
100003768115092
100014594563883
100015203256177
100006227529978
100005140536954
100003075978499
100015170710713
1818897966
100014859753450
100006565153654
100004784553651
100001041445498
1003064996
100000243426967
1842054827
100006964724966
100014553339729
100009221499359
100004226289000
100000102589455
100013485047044
100013928892561
659583310
100002872316540
100014902693967
100003441929032
100014315801752
100012541843166
100007967346527
100004936804390
100001781515544
100011074964423
100001743207052
100009652039246
100003822716980
100000461018150
100003172284188
100002914217922
100004048951423
100014359871512
100004414741409
100007224994235
100014287083410
100002390008426
100006174580161
100001558552048
100012720666326
100013406490995
100002797643758
100014675371996
100003687111270
100014613457438
100004607340310
100014461152585
100000631380509
100004906140764
100004188399375
100014537051026
100004354117591
1822000350
100005870804193
100014576826346
100014472584696
100011042478953
100003877707171
100010821066589
100013416069106
100005718731195
100011490040373
100001201317914
100008079227383
100008132220721
100014594340652
100014510469878
100001495141197
100003068264280
100007467977421
100014009355317
100010967706586
100003474886990
100008997698387
100001876852935
100001573912567
100013426054347
100013894661001
100000227838527
100011536968956
100012564424335
100013716493154
100014095667663
100014158324446
100000177045349
100013957904359
100006752131734
100002349345793
100014266683680
1163138889
100001738422487
100009436014902
100012935251467
100009889814076
100004056692294
100000337399866
100011680030195
100012600286533
100007263729386
100014043070317
100014250638686
100004170217518
100000122675821
100011044142733
100010707696198
100003962390389
100006484489918
100002136524485
100004104994547
100001407896282
100013942453147
100000082813657
100001642028077
100006130698514
100002969861378
100010796080918
100014141622912
100000739523747
100006331570189
100002705652271
1602863673
100008036146336
100013793113806
100003660194959
100013978155660
100012048360331
100014134805769
100009197577528
100014068600233
100003694267849
100006618725605
100002943617763
100003834533597
100008065269114
100014072463816
100007645877831
100004035864457
100014040874448
602034506
100014148211896
100000332252299
100013895225713
100013325704057
100009840787674
100000407167831
100002975333064
831342903
100014129790137
100004053527030
100013254910511
100001719532374
100009726456706
100009616177299
100006732428161
100000574489275
100001010562228
100014063520654
100013706621837
1203933141
1476831614
100000289236536
100012386196268
100004098649871
527447970
100003090002649
100001132726291
100009937668700
100008893969374
100004048125836
100013199048275
100006523128145
100004486900156
100000110534022
100013804010184
100013908821428
100001652299230
551999714
100012366517253
100000145467412
100003984909601
100011317367840
100008315103428
100007005451339
100005516133091
100010522004069
100000065166339
100007472626433
1211535448
100001425477612
100010454266636
1005902643
100004245573054
100008240836066
100009839284930
100002932675052
1321890288
100004056938562
100013926062223
100006327841507
100006689130625
100003896808495
100009020273573
100011627652542
100013791092515
1326954911
100003055193299
100006622831035
100000641266383
100003134769179
100000204516673
100012867971261
1570100648
100004103423040
624855186
100013811431826
100012914493389
694936704
100013698491318
100004018449329
100009257498063
215600119
100000210953414
100013604807110
100013662434004
100004634897396
100003106472450
100000039085066
100009145850013
100002621798446
100009666186514
100003329880779
100003161086389
100004568624161
100005269634214
100013523295802
100000924611219
100004128544740
100004757648523
100011285051418
100010505161724
100011602984615
100002998972010
100004075748539
100012464568383
100004005074473
100004474000394
100009717663665
100002680495244
100009002583551
100003935751224
100008382259050
100003902114714
100012701986975
100003869500338
100004375899556
100013497617314
100004890904913
761239404
100004276270223
100010782661720
100004307013409
100010800121509
100001794158760
100011664908036
100013007711154
100006808898580
100001779071168
100000643655349
100003126633052
100004339806774
100013612441982
100006433239243
100006884221832
100001182808525
100000317508203
100001376928192
740380195
100006519540692
100004797617922
100013404369374
100003651568882
100011194354209
100003856801277
100000570423238
100001165995898
100009544155769
100008692052877
100008169487826
100006003136507
100004291721777
100001502529078
100011725227436
100006005688670
100004400073884
100013158378570
100002668754987
100005665052515
100001315945564
100004110390717
100010598838783
100002565847026
100000377065618
1816183358
100000518263339
100012389295237
100009812400594
100003276907203
902335076
100003749302021
100004957839229
100013278856021
100012869385684
100011089291238
100004554912058
100002786106874
100006742899562
1298064800
100004131133191
100002899110870
100000778621097
100002068404500
100000220054500
1260233132
100003359528961
100012755584119
100005971628333
100001374058767
100001000747852
100006430086602
100004723787057
100006873363322
100011351497673
1582586005
100002938751173
100005561919368
100000583137684
635394116
1653708362
100003665539313
100003086746282
100003492187224
100006613236656
100006026650528
100000175381958
100000037033628
100001889721283
100006766780802
100004001571714
100011659389756
100009463168661
1370996240
100000172104199
100013027380693
100013181521206
100013029549454
100013285146262
100013081487617
100012985368489
858335426
100001513433729
100000648988382
1251739952
100000585284552
100000908210920
100000328070283
100012450556448
100000455497178
100012651840245
100013118164804
100008645745124
100001706251772
100001476639720
1235839276
100002953482392
100004774933617
100003274317170
100013240234832
100007623240870
100008079872165
100005428836782
100002482401812
100012581889931
100004499952927
100002339678197
1573840332
100010248048779
100004008698191
100003792213795
100000529569658
671399925
1233292371
100012764401360
100006570609444
100004935368006
100009732342559
100013103439647
100013088713870
100011465101198
100004960591942
100004853233199
738292248
100003924791876
509051092
100005279343679
100000055997336
100012936548757
100010800708799
1529582915
100004008889243
100013000901706
100012719443790
100013171833543
100001069067928
100011560743158
100006870048764
100012409032601
100011821478102
100010296466687
100000387355318
100011530802896
100003946420600
100010895884632
100000116604194
100000167471639
100006709412042
100000443460823
100003878972189
100006738666779
100004100241084
100010587123607
100004496676627
100000846288706
100006183750417
100002954443819
100009805531390
1338680889
1114825332
100010201957761
100008784558074
100000269609536
100008852102336
1588096936
539501667
100003620468493
100003790724825
100006667871591
100013084685106
100006218024656
100000242532706
100003164573825
100012370321831
100010659256131
100004455522924
1339607503
1524690742
100013014548938
100004347821887
100012941596632
100009602829051
100009328227642
522133997
100004413160326
100009460671082
100003627833142
100010704606103
100009437512791
100013032480676
100012601567614
100010349021981
100001276716118
100002978355359
100011823602090
100010381200352
100004485067168
100003307513440
100010117428053
700053440
100000022877140
100000092839902
100000130469311
100000483215694
750646456
100008088615689
100001686037219
100009428223650
100001780337877
100003779285354
100001893855395
100003173378146
100004387417121
100000305686368
100008838616736
1124661706
1635300751
100005567595346
100012647740216
100008292910450
519877651
100000162295373
641058676
100003152914385
100012862181768
100004932400372
100012388006663
100000030722911
100003270827012
100012818269785
100010019203081
1582102957
100002937709030
100000021416374
100000072431576
100001706770579
100003227860314
100005933524566
100001799339044
100003914856629
100001654459332
1558756294
100004906539326
100004173940265
100004159813972
100012933484422
1507703157
100004869302757
100003148650875
100000799134880
100012722017659
1220726326
100001004751706
100000846475813
100008290712747
100012611524202
100007815404566
100010890672989
1158930851
100007980423359
100008469857700
100001134056970
100004625561288
100008126628473
100004556644574
100006423897945
100001402890725
506442803
100003114764603
1709763583
100001791906172
100009942364724
100000170118700
527367968
100003621321961
100010444367819
100001041051367
100000366790328
100005272365869
100000028424048
100005595510890
100001397112835
100004107192841
100000817659953
100004513328897
100004306753061
100003059106752
100001073805662
100000831187864
100004070354643
100002264382613
100003186062118
1419973662
100000729225487
100007099685264
766444200
100005910696800
100002640481605
100007206078474
100002773708717
100008145826313
100007335287052
100006638671097
100006212295600
100002368716464
100001085791469
100000178678018
100004229971778
100003805129650
100006706920564
100000177524961
100003199984068
100004797799177
100000055851008
100003055749985
100002895186166
100004111690350
100004827875437
100001103608387
1587580053
100000066311177
100000018859088
100003955179366
100000350002279
100005068607665
100004049205851
100000269280118
100000107062483
1292337430
100006672156893
100001848063927
100005562396306
100004187973055
100008122479835
100000235728722
100006278646868
100000785378647
100004074407279
100008548446636
1673103560
100003104231104
1505911015
100008493844249
100006417041423
100004182872688
766204623
100004569702257
1851308942
100007338340165
100002700382765
100008812780730
100000537310866
701683360
100004933364131
100001872324441
100000418542564
100008273290248
1643156143
100007348996187
100003615989045
100000357400447
581803045
100008090835380
100003256610573
100006848416926
100001052157373
640864905
100009029834246
100001855546348
100003033970602
1304078772
100002628961873
100000254553207
100002918751473
100000277890604
100005653293612
100003068013717
1793571968
100008461448270
100003074876384
100005371120758
100003508944704
100006386834130
504301532
100004115944274
100001908279049
100000199947902
100000063451792
100004297143768
100003303017257
100007627983497
100005823585754
100000497612925
100004158030763
100002933316022
100001477273958
100005935029738
100000219229359
100002079455600
100001850055691
100008579388139
618584612
100009095948282
100000065863205
100009249879262
1809441749
100005405887900
645718459
100002667387645
100009169884209
100001280813834
100004097448872
100000108859394
100001864034923
574391588
100003110557771
100000125725649
100007052209211
1355226623
100003956134638
627459885
100009477785561
100007563640692
100002695343777
100000099355004
100006634833411
100001416358433
100005441763082
100004546842282
100000292448666
1236622911
100009068574567
100003683293844
100006449790660
616577229
100006595122546
100001528083683
100008527624823
100003036984318
100006907440073
100004251191422
100001597463044
1845287106
100004221401183
100003960943612
1340985285
100001067863983
541803899
100009165140790
100001908392963
100004567478091
100008697365817
100003872695149
100002929214559
100003831300454
100009503916292
100003110415703
100006341413359
100008288928573
1838840435
100009415415704
100007567656566
100004434903033
100008911331651
100001511450985
100009339589748
100005922961566
100003949444624
100005447048253
100000228948941
100000198564508
100004316911140
100000009736593
1722382027
516808721
100009667475130
100001282343100
100000180823295
677883394
100006044580856
100002937887589
100000273540199
100000550708502
1439419458
100006355595947
100002467809245
1835514267
100007765804857
100001543987983
100009704046436
528138785
673021669
100006421812653
100002307828221
100007799376061
1257816992
100009359389538
100005555043173
100004125072853
100004108485524
100001735868577
100005043582415
100000132127996
100003166405420
100009423080604
100004034033466
100004925620591
100001503954581
100005782392548
100000089938584
100002295870602
100003510323635
1738472107
100008765674084
100009734227077
100009546060624
100009384649151
100008764776667
100004715161344
745126266
100007040010347
100000662705769
100001484231117
100000466894268
100009645246858
100003823669310
100000042365455
100005016100318
100002122763282
100009297445649
100003949028159
100003704727377
100003608179688
100006065565834
100000341483031
100009322669438
100009018423639
100006468557012
100009515659335
100004728450481
1847800319
100008514793837
100001150546704
100009246807723
100003899185821
100003531080881
747010750
100001289084727
100004157888919
100001565922663
100003780320725
100001601751665
100005863063520
100000230867855
100007996022475
100005241369343
100006469811086
100000100036062
100007366388958
1535534021
100007994613785
822589250
100003317370314
100001676994106
100004677094076
100004384271973
100007780542274
100003909974696
100000437022096
100000078298120
100002430863702
100000180016432
100002233137346
100004477873425
100000146730882
100006164019514
100004291632901
100010169162220
100000083046353
100003676460327
100001070647936
100007965157733
100009974197463
100009968735190
100009199548368
100001586501543
100002971026515
100003200630970
100002521055148
100009821083913
100009679997993
100006687137687
100005476202219
100000188171548
100000158915462
100009986317198
100003053945180
100003123990875
100001880457907
100003261036908
100004061492407
100007351687295
1533123247
100009569813901
100003342190514
100004105151892
100000145215027
100009582622284
100009774793408
100003776911369
100001275541285
1538738630
100006906125167
100000854504470
100008772704042
100006159342173
1382349054
1514184625
1739989437
1064952454
100009902708820
100009022144690
100009779748083
100004734750139
100008058166376
100001806789278
100003886493933
659816113
100001517264908
100003629146895
1135962332
641625403
540990051
100008480254308
100004297502441
100007927301722
100007552248565
100003763138290
100003628776399
100009940786733
100006440818479
100004156145632
100009774767995
100003116360960
100000112202319
100008107841478
100006554826075
100009995080375
100008060372530
100009266809317
100000186770610
1316907465
100007033608219
100001119508341
100000043209106
100006481404012
1822098265
100001878058153
100000359730650
100006238803002
100000067032557
100005165701475
100001676936841
1002860286
100005031527514
100004432053743
100004037572153
100000501916392
100000098055776
100001542878872
100000122014305
100006868540095
100000026888347
100010280110293
100004058508237
100001791876485
100001257732240
820228813
100008099263680
100005298645295
100009030732374
100001173751197
100003241422212
100001089482774
100006602135655
100006822846670
100004100131053
100007431044431
100005787340769
100009764613991
100001471636730
1791707355
1475682600
100009964338564
100000289825985
100004094653948
100005361727904
100010349442797
100008345676026
100004644552728
100003663312803
100003117256109
100009428445459
100003279466001
100010085079487
100004354812994
641516493
100003166798703
100001673753668
100010412956334
100007281732800
100000405698652
100005892968069
100002787765810
100009969609467
100000415133137
100005268123990
100002987822430
100006671945719
100005510142104
100002774645607
663340427
100006885073467
100004354810596
100010388055822
100006428100609
100010570081144
100004609473022
100008248531116
1793518358
100009445173895
100004588172832
100010377612490
100004576234172
100004506251116
1204912526
100010437847181
100008306956222
100003224176953
100000280913201
100002544874610
100004361078356
100010605911549
100008309341020
100010680815391
1489209537
100002640374316
100000490694763
100005928333660
100005305475101
100008185003439
100007758853605
100010659250848
100002808632566
100005330854094
100000078552453
100010621277553
811370074
100005459928991
100003081952071
100000165451110
1745458160
100003129011735
100002780301826
100002561587011
100010767009560
100004117801676
100010818071231
100010665762274
100006979422937
100006589846911
100000072820371
678010463
100002384278085
1289559530
100004234892456
100004111328624
100004478411952
100000303262020
1767794385
1575438316
100006635280260
100002681516161
100000103682307
100009831301096
100001841608292
100001633245013
100009486552937
100009278322401
100001612960621
100005737418523
100003208684188
100001694615938
100010273201802
1313649021
100000359063799
647508045
100005184251838
100001009402028
100005567342794
100000824257410
100008387832184
100008061820866
100002925025527
100010813023929
100003650599141
100004606277548
100001406886570
100003947055798
1789039246
100007987236409
100004290998738
100003937149566
100005767483456
100001887224508
100010367762206
581053470
100011064545402
100005505120535
100004698180923
100011327101218
100005031634241
100000956181016
100005371869509
100001108490761
100006037445214
100005428560429
100003839376995
100002891618951
100006582883297
1425537392
100003759072551
100000302823419
100006712650594
100002193265288
100003161665342
100008429194299
100004241491362
100011286226839
100004033328098
100009325258779
100006060402479
100006527525070
100004890420304
100003970928598
1807512347
100011196998542
100004484536997
100011364008288
100010907524273
100010267996487
100004946409083
100004093295062
100000057783864
100010387000581
100001235493549
100011312866188
100011052064209
100005283611967
100011335961244
100000108025361
1304508304
100010923039846
100004288967105
100006005437278
100011621130970
100005841007822
100004488642684
100000182490103
1422114516
100002316448664
1837585167
100006542263712
1406297767
100010859980313
100003298320621
100000042138857
100009868264102
100000927058996
100006221620764
100001192737797
1627622414
656713736
100004943050457
100003257074159
100000279495453
100010818276350
100001439310589
100010293153041
100001131999467
100004021664377
1823681386
100006421470997
100006043844646
100003229561088
100001866620822
100007046801463
100001403256934
100000102749232
1595749956
100001039710936
100000117380266
100008113335655
100004262348596
100003957992395
100000073111988
100000471416992
100011570776891
100004341004643
100000165422233
1596079800
100002374815669
100000219078732
1673510049
100003745204329
717723189
100011844991788
1121394874
1353667322
100002729619689
100011796700704
100004025166931
100003764972880
100004453471630
100006641227918
100002851588785
571051785
1751278169
100004104523250
100003271754951
100000066462574
100007580777165
100004275720262
100011670326786
100000071439340
100000326991421
100010867506139
100007084027951
505815914
100008661483369
1003923837
1308037255
826429097
100012694517768
100000015048859
100002283652742
100007004176354
100005274100284
100000393451517
100008224352413
100004433598694
100011079966595
100003723470244
100003037065423
100006532954242
100001782844580
100011129590637
100010601685882
100011484993495
100001436119039
637456701
100011633378072
100003188511614
100006494281007
100004536845019
100010791278953
100011686307745
100006009766390
100011783730955
100005217788400
100000146808303
100008281206206
651958131
100007114628897
100003694278800
100009278237542
100001657269747
100009809144853
100003262161668
100005450568190
100012074707787
100005624131656
100009487966208
100003866856645
100009306380704
100010425138443
100007272288573
100003110483814
1678097450
1493602809
100012370835430
100010154942652
100006309216295
1829492722
100003656993204
100001851254275
100000339967264
100004540117059
100003079157939
100002495688784
100011814099636
100008997824915
100012335025841
100010580313339
100008478063530
100001368422714
100008948130751
100000233863401
100011297501073
100010063292944
1781832310
661195763
100012525125037
100003489537147
100009296064571
100006241094212
100001213850082
100012570453188
100012416079582
100010064403269
100005116830399
1846751717
100000176728221
100004083488544
100010924688841
100003942673558
100002917553447
100010192686910
100000147511824
100006104416989
100006509510171
549374392
100007934778688
100005810557980
100000164315898
100000823555675
100003890502578
100003053534389
100010172232550
100001039019294
100000450529367
100012441286314
100011646395542
100011301817984
100010556941314
100012377580529
100001745713319
100012568570346
1411713699
100011729265797
100001215190777
100011080276181
100000501903267
100004225601180
100007420296823
1172134299
100003264365918
100000354699116
100005650363452
100007967771139
100010709803470
100011682553454
100006831332512
100000000007874
100007863285578
687696311
100005523634610
100002767743900
100000006954837
100004163646106
100007542859445
100008748842828
100010569223919
100006431563559
100004867813926
100004495113862
100000267057642
1153188985
100003703170197
100003895233162
654801768
100010738956790
100004145082965
100010384878416
100001384410772
100004326579381
100000009851587
100002575329390
100004337612951
100004290163088
789928973
100003923632637
1105746232
100004344243908
100006408610797
1295958949
100009971049942
100004915987068
100004417236073
100005283211348
100006265447362
1542874953
1838470792
1080342817
100003963224456
100001037737622
100011203988639
1436356172
100003846470565
100003845398785
100009167963476
100005272599140
100000492856977
100000835790173
100007267980417
100001621136056
845587298
100008677392046
100010752193840
100009778834565
1633578577
100004298401984
100001199786976
100009604246408
100001382741340
100001534533996
100000260254063
100011046789187
1835306568
100010983947318
100004001445439
100003242536828
100002755669727
100005272867167
100002472720327
100001839934395
100011053034663
100003176841366
100000154562516
100011028125643
100003690737250
100010784619162
100001081870409
100008190911027
100007903697941
100002037129535
100000023173785
100004639722080
100010258661305
100004268563408
100003151364386
100004447351323
100011053895008
100002504062871
100008372852968
100003819506385
1354063819
100007251153702
100010084099021
100000237099584
100008530996936
100004011440812
100002777065845
100000004984908
608547495
100000213654709
100005301240608
100000488111921
1675713755
100002397714159
100008417529901
1383928707
100009441921302
100000087516864
1558606693
100005652879588
100010156029284
639957448
100004385206181
100005843047754
1802925051
100003167484408
100003742911299
100005248697384
100001799670574
100003919821844
100004048016601
100009945733623
100000357357113
100005458803106
100000222036899
100005942262815
100005485415550
100004655462374
100000222748321
100001693415582
1501353055
100000047070046
100000176880180
100003016078755
894690410
100004271683405
100000960522271
100000360998582
100005954958128
100004998221967
100009714078013
100010123963151
100006821760089
603580776
100005214510164
100001207355911
100000181023157
100001909639660
100002535035656
100003123900261
100004022530797
1479890169
100004980220922
100004986613964
100001871790877
100006015104688
100007449998647
100007488190231
100002732245485
100000090234325
1318105188
100009441714141
772528241
1660077859
100003048022992
100006426774152
100003845162395
100000137636585
100008479443687
100008486648496
100000092363885
100000154180710
100007511354616
100005431141683
100009130417591
100002877220456
100003100088493
662198882
100007720333376
100000061243255
100006486937980
100000388267946
100003622246050
100001462284767
100005579320987
100000053010370
100010156267449
100000161470174
100003226272621
100001774946597
1209583487
705273710
618796049
1387025138
100000981879492
100000136239494
557856917
100004446074988
100009288305491
100000020212618
100009696633511
100009096045972
100001504574012
1619062915
100000633956102
100002294894189
1214367517
100009969972854
100001884418690
100000309546017
100003844774344
100007134481098
100008302101062
100000327586121
100009802060452
100004089132797
100002827081965
100003795067911
100003175235573
100001201106978
1241827766
100005186918013
100005683740684
100004018763427
508489492
100009441011095
100006247872304
100004752750687
1636375756
100000462080673
100005797233605
100008479997062
100003676915736
738814382
100000192960286
100002429741874
100005022332170
100008016521548
1201657766
100000202990890
1430092019
1577577183
100009973807536
617570404
100007623942541
1158042674
100005921823161
1313836899
100006830371838
100002545747051
100009884860772
606234400
100002995618037
100004553199982
100004474026952
100004033525727
100010245784660
100009480873269
100000258470216
100004755998607
100000237374129
100001889482713
100002408470101
100008186827926
100000080530791
100001557455829
100009866797221
1680420770
1371438241
100001646715855
100000241374270
100006365793026
100003024560196
100002834999139
100005469972513
100004690149486
100004594532665
100005157761694
100004845123290
571139830
100000106765730
1660562995
100003712135574
100001610424067
537402845
100004215156735
680029589
100005911091296
100000920367250
1579710990
100005449156256
100006067514244
100001826501335
100009494289659
100004995062275
100009551474616
100003061873428
100007053461065
100009040284448
100000187833091
100000177974297
100002933012987
100003033737577
100003190344609
100008852898265
100009664359486
100002984681727
100005377601266
1466105615
100001644353976
100006355453958
1300428185
100004621308823
100007867394711
100009858037191
1790586060
1700221440
1601691488
1781106236
100000049201777
100009862176145
1671383902
100005389575452
1273185377
100009388074188
100008108228346
100000310858079
100005994668216
100006125029074
100000761114573
100004336110638
100006763653027
712213947
100004277673563
100000874034370
100002672757576
1180847278
100004558030112
1038385289
100009388453635
100000152500084
100008606736047
100001559834095
100001656855839
1439292516
100000153653146
100000186764899
100000069796210
100005173321308
100001008354005
100004242600348
100001764009786
100001693454212
1040811240
506070909
100000547537579
572408509
100005452202010
100003951677253
100009727983201
695483216
100003463367484
100003769520739
100006410897697
100003213095932
100004598375534
1335897097
100002628456101
1244756726
100001475890863
100004181558041
100009173031952
100003199542428
100000156712755
100002842190368
100001276057319
100003892613944
1011785346
100000398674740
100002786112601
100003894903233
100003344225104
100006226804290
100001569692545
540860663
100008790947871
100004036881356
100005269026514
100003049012136
100009068779226
100009418388579
100001396710409
100001610119710
100005081675526
100005894076033
100006165040317
100005663138261
100002535229434
100004938541320
100003769074800
100001824053143
100003689391431
100000329793462
536859176
100006581592145
100001932619028
100003692501641
873555222
100007982358225
100007514253791
100003605050634
100001111567766
100000428736304
100008709157850
100004801471442
100004859741919
100007096301940
100003284449809
100000164033735
100003015403988
100005925642237
100009250922614
100000542569754
717477156
100005371773994
100003356920246
100004819868409
100001897346098
100008235246964
100003843900675
1465447755
100000227497682
100004761061813
100004179249542
100007667081699
100003764874680
100005928618059
100004563511746
100008823459181
100009328324895
100008017174317
100001119772044
100007497724404
1256027204
100009038460543
100003795669058
100003539457059
722122483
100003676561168
100005074384558
100003511588188
100005003076059
100001380144840
100004485098748
618156384
100004551300308
100003818467645
100004457641663
100008522884764
100004172400378
1320664601
662719346
100003161588727
1713352206
100000113085325
100002436474682
100001445358885
643758396
100000080074372
100001069868218
100004703897113
100005137864638
100000773878837
100004921412888
100000375173735
100009097515902
1085852786
100009158173451
100005822012336
582717409
100003182927465
100001244137316
100000393165520
100004661863664
100002453726376
100000045301789
1652841312
735933635
100003953776405
100000362911817
100005868453287
100004186297071
100003878238287
100001809473683
100001639933322
100001535521275
713063220
522719734
100005729195353
100008519403781
100000435220555
100003731611601
604794220
100006922176271
100000260510966
100001769857023
100000017096928
1195874803
1447187291
100008633357662
100001260026367
100003796790217
100008553392311
100006853867257
100004867303544
100000140108763
100002854258304
1110844529
691703874
100008014632938
100008454154973
100003493204656
100008571527940
100006138282191
100003971073605
100000366648227
1560724943
100000020002935
100004581906309
100000146652850
100000356137773
1812138832
263902018
100001832026558
100005719304720
100000137162947
100008447803385
100001872261261
1210906516
100000969668806
546218072
100002802752709
100002113745336
1739328887
100004671722458
100005510943067
100003191992162
1693972526
100000183092937
100005396354100
100007277582795
1068211144
100008162833591
100000056905018
582107251
603235796
100001075602656
100001150825599
640856104
100000267375692
100007943462511
100004784166869
1675702147
100004893932215
100005487066962
1804110070
10038111
100003983241249
100006700277604
100004171843650
549904137
100006492380757
100006294765302
100000115951826
1681175707
100003505665758
100000129957474
100000355294531
100003477490800
100000111213300
100002713531147
742789807
100004584960561
100000153798528
100005500960153
100000094905975
100005047950670
100007998215840
100003971482508
100006293447162
100000111434035
100007161785865
100000395726334
100004071323017
100006808416016
100001398257758
100000491061184
100007306365623
100004152095449
100003912835282
100004678382474
100005582921146
100000476104846
100001151249008
100003655290676
503524945
100001617295599
100000840997214
100003607475516
1671583508
100006693887570
100005023509141
100003678776460
100001914763275
100005265551776
100002887930336
100001411230769
1683177252
100000744256160
1102669065
100008413598056
579839436
631088628
100006334898005
100000856653801
100003927095877
1396807340
1433461418
100007292700086
100002743881002
100000989062476
100005731440104
100000212157846
658799820
100004127052017
100001745005051
100005814993553
100000762171751
100000180160542
100004357661315
665653976
713988164
100000293004083
100003640436886
100000096654979
100003787081315
100004915145836
100001850545961
100002217486298
100000018923648
100006262202576
100004635600988
100008115732833
100003720321476
100000196806194
100005931409210
100005097936502
651773217
100000113107285
1420533939
733261478
100007496657131
703486464
100000066172264
1069479223
100004021108258
100002749898104
100003906222281
100000055821601
100003876202826
100008210130795
100003384533960
100002325715825
100002906631651
1389273554
100000958471129
1043109151
100001131277853
100004524490723
100006106035356
1120742409
623733188
562072190
100004854274326
100004883684581
1478977524
100000289945859
100006182203611
100001635057708
100000090934493
100008101483644
100003985571599
100000130958868
100000134901298
100000276966620
1444089860
100003748935466
100001660069966
529412286
1180477529
1789929670
100003874850339
100002631044923
100000385783763
100000587603864
1015717670
502134707
1163679083
675227462
1077910013
829473348
100006786159147
100000072334761
100003161533534
100001756644345
100007080637272
1669522441
100004559378266
100003806591253
100002728410190
1447947862
100008251808140
100002754573536
100004079432275
1684939150
100000507009194
100000313213980
100007523444458
100000019791231
100000096746267
100001593118230
100000988012628
100005980004154
100005691966486
100003048998233
100000143131724
1590330453
100005274395245
100000016326215
100006400440109
100005186382609
100001003998941
100000441590814
100000230580200
1243667268
733366805

